Generation,ChromosomeIndex,Fitness_MainPathQuality,Fitness_Defense,Fitness_OnMainPath_EnemyTrap,Fitness_OnMainPath_Treasure,Fitness_BesideMainPath_EnemyTrap,Fitness_BesideMainPath_Treasure,Fitness_TwoPronged,Fitness_SumOfFitnessScore
Weight,-->,1,0,0,0,0,0,0,
MAX[1/ 1/ 1/ 0/ 0],min[1/ 1/ 4/ 1/ 1],,,,,,,,
0,0,0.3870968,0.1111111,0.25,1,0,0,0.07142857,0.2123656
0,1,0.1935484,0.25,0.125,0,0,0,0,0.1061828
0,2,0.3225806,0,0.125,0,0,0,0.1428571,0.1491935
0,3,0.3870968,0,0.25,0,0,0,0.1428571,0.2123656
0,4,0.3548387,0,0.125,0,0,0,0,0.1599462
0,5,0.4193548,0.25,0.375,0,0,0,0.0952381,0.2647849
0,6,0.03225806,0.3611111,0,0,0,0,0,0.01075269
0,7,0.2903226,0.2222222,0.125,1,0.21875,0,0,0.2113575
0,8,0.06451613,0.25,0,0,0,0,0,0.02150538
0,9,0.1290323,0,0.125,0,0,0,0.07142857,0.08467742
0,10,0.09677419,0,0,0,0,0,0,0.03225806
0,11,0.4193548,0.1111111,0.125,1,0.08333334,0,0,0.2092294
0,12,0.2903226,0.3611111,0.125,0,0,0.6666667,0,0.1384409
0,13,0.1612903,0,0.125,0,0,0,0,0.09543011
0,14,0.3548387,0,0.125,0,0.3125,0,0,0.2641129
0,15,0.4193548,0,0.375,0,0.08333334,0,0,0.2925627
0,16,0.2903226,0.1111111,0.25,1,0,0,0.07142857,0.1801075
0,17,0.06451613,0,0,0,0,0,0,0.02150538
0,18,0.4193548,0,0.375,0,0,0,0.02380952,0.2647849
0,19,0.3225806,0,0,1,0,0,0,0.1075269
0,20,0.3548387,0,0.25,0,0,0,0.3571428,0.2016129
0,21,0.06451613,0,0,0,0,0,0,0.02150538
0,22,0.3870968,0,0,0,0,0,0,0.1290323
0,23,0.3225806,0.5833334,0.25,0,0.03125,0.5,0,0.2012769
0,24,0.2903226,0,0,0,0.08333334,0,0,0.124552
0,25,0.4193548,0,0.125,0,0.08333334,0,0,0.2092294
0,26,0.06451613,0.3611111,0,0,0,0,0,0.02150538
0,27,0.4193548,0.25,0,0,0.08333334,0.6666667,0,0.1675627
0,28,0.3548387,0,0,0,0.25,0,0,0.2016129
0,29,0.3870968,0,0,0,0,0,0,0.1290323
0,30,0.3225806,0,0,0,0,0,0,0.1075269
0,31,0.03225806,0,0,0,0,0,0,0.01075269
0,32,0.3225806,0,0.375,0,0,0,0.2142857,0.2325269
0,33,0.3548387,0.3055556,0.125,0,0.1458333,0,0.1428571,0.2085574
0,34,0.3225806,0.1111111,0,1,0.15625,0,0,0.1596102
0,35,0.09677419,0,0,0,0,0,0,0.03225806
0,36,0.2903226,0,0,1,0,0,0,0.09677419
0,37,0.3870968,0.3611111,0.125,0,0,0,0,0.1706989
0,38,0.03225806,0.25,0,0,0,0,0,0.01075269
0,39,0.3548387,0.3611111,0.25,0,0,0.5,0,0.2016129
0,40,0.03225806,0,0,0,0,0,0,0.01075269
0,41,0.4516129,0,0,1,0,0,0,0.1505376
0,42,0.3225806,0.3611111,0.25,0,0.125,0.6666667,0.3095238,0.2325269
0,43,0.4193548,0,0.25,0,0.08333334,0,0.0952381,0.2508961
0,44,0.2903226,0,0.25,0,0.25,0,0,0.2634408
0,45,0.3225806,0,0,0,0,0,0,0.1075269
0,46,0.2580645,0,0.25,0,0,0,0.07142857,0.1693548
0,47,0.03225806,0.25,0,0,0.04166667,0,0,0.02464158
0,48,0.4193548,0,0.25,1,0,0,0,0.2231183
0,49,0.03225806,0,0,0,0,0,0,0.01075269
0,50,0.3870968,0.05555556,0.375,1,0,0,0,0.2540323
0,51,0.3870968,0.25,0.5,0,0,0,0.3333333,0.2956989
0,52,0.3548387,0,0.25,1,0,0,0.04761905,0.2016129
0,53,0.2903226,0.3611111,0,0,0.08333334,0,0,0.124552
0,54,0.3225806,0.25,0.125,0,0,0,0,0.1491935
0,55,0.03225806,0.25,0,0,0,0,0,0.01075269
0,56,0.09677419,0.3611111,0,0,0,0,0,0.03225806
0,57,0.3548387,0,0.25,1,0,0,0.04761905,0.2016129
0,58,0.4516129,0,0.25,0,0,0,0,0.233871
0,59,0.3870968,0,0.125,0,0,0,0.1904762,0.1706989
0,60,0.2903226,0,0,0,0.15625,0,0,0.1488575
0,61,0.3548387,0,0,0,0.125,0,0,0.1599462
0,62,0.4516129,0,0.125,0,0,0,0,0.1922043
0,63,0.4193548,0,0.25,0,0,0,0,0.2231183
0,64,0.4193548,0.3611111,0.25,0,0,0,0.07142857,0.2231183
0,65,0.3870968,0,0.125,0,0,0,0.5714286,0.1706989
0,66,0.09677419,0.25,0,0,0,0,0,0.03225806
0,67,0.2903226,0.25,0,0,0,0,0,0.09677419
0,68,0.03225806,0,0,0,0.04166667,0,0,0.02464158
0,69,0.3870968,0,0,0,0,0,0,0.1290323
0,70,0.1290323,0,0,0,0,0,0,0.04301075
0,71,0.4193548,0,0,0,0.08333334,0,0,0.1675627
0,72,0.03225806,0,0,0,0,0,0,0.01075269
0,73,0.2580645,0.2222222,0.25,1,0,0,0.04761905,0.1693548
0,74,0.06451613,0.25,0,0,0,0,0,0.02150538
0,75,0.3548387,0,0,0,0,0,0,0.1182796
0,76,0.06451613,0.4722222,0,0,0.08333334,0,0,0.04928315
0,77,0.3548387,0.1111111,0,1,0,0,0,0.1182796
0,78,0.3225806,0,0.25,0,0,0,0.02380952,0.1908602
0,79,0.3548387,0.25,0.375,0,0.08333334,0,0.04761905,0.2710573
0,80,0.3870968,0.25,0,0,0,1,0,0.1290323
0,81,0.03225806,0,0,0,0,0,0,0.01075269
0,82,0.3870968,0,0,1,0,0,0,0.1290323
0,83,0.3548387,0,0,0,0,0,0,0.1182796
0,84,0.1290323,0.3611111,0,0,0,0,0,0.04301075
0,85,0.2903226,0,0.125,0,0,0,0.04761905,0.1384409
0,86,0.3870968,0.25,0.125,0,0.09375,0,0,0.2019489
0,87,0.03225806,0.25,0,0,0,0,0,0.01075269
0,88,0.3225806,0,0,0,0,0,0,0.1075269
0,89,0.4193548,0.25,0.375,0,0,0,0,0.2647849
0,90,0.03225806,0,0,0,0,0,0,0.01075269
0,91,0.3870968,0,0.5,0,0,0,0.04761905,0.2956989
0,92,0.3225806,0,0.125,0,0,0,0,0.1491935
0,93,0.3870968,0.1111111,0,1,0.08333334,0,0,0.15681
0,94,0.03225806,0.25,0,0,0,0,0,0.01075269
0,95,0.03225806,0.3611111,0,0,0,0,0,0.01075269
0,96,0.3548387,0.1111111,0.125,1,0,0,0.8571429,0.1599462
0,97,0.3225806,0,0.25,0,0,0,0,0.1908602
0,98,0.03225806,0,0,0,0,0,0,0.01075269
0,99,0.3870968,0,0.125,1,0.0625,0,0,0.1915323
1,0,0.3548387,0.3055556,0.125,0,0.1458333,0,0.04761905,0.2085574
1,1,0.3548387,0,0.125,0,0.1458333,0,0.1428571,0.2085574
1,2,0.3548387,0,0.125,0,0.1458333,0,0.1428571,0.2085574
1,3,0.3548387,0,0.125,0,0.1458333,0,0.1428571,0.2085574
1,4,0.3548387,0.3055556,0.125,0,0.1458333,0,0.1428571,0.2085574
1,5,0.4193548,0,0.125,0,0.08333334,0,0,0.2092294
1,6,0.4193548,0.25,0.125,0,0.08333334,0.6666667,0,0.2092294
1,7,0.4193548,0.25,0.125,0,0.08333334,0,0,0.2092294
1,8,0.4193548,0.1111111,0.125,1,0.08333334,0,0,0.2092294
1,9,0.4193548,0,0.125,0,0.08333334,0,0,0.2092294
1,10,0.2903226,0.2222222,0.125,1,0.21875,0,0,0.2113575
1,11,0.2903226,0.2222222,0.125,1,0.21875,0,0,0.2113575
1,12,0.2903226,0.2222222,0.125,1,0.21875,0,0,0.2113575
1,13,0.2903226,0.3611111,0.125,0,0.21875,0,0,0.2113575
1,14,0.2903226,0.2222222,0.125,1,0.21875,0,0,0.2113575
1,15,0.2903226,0,0.125,0,0.21875,0,0,0.2113575
1,16,0.2903226,0.2222222,0.125,1,0.21875,0,0,0.2113575
1,17,0.2903226,0.2222222,0.125,1,0.21875,0,0,0.2113575
1,18,0.3870968,0.3611111,0.25,0,0,0,0.07142857,0.2123656
1,19,0.3870968,0,0.25,0,0,0,0.2857143,0.2123656
1,20,0.3870968,0,0.125,0,0.125,0,0,0.2123656
1,21,0.3870968,0,0.25,0,0,0,0.07142857,0.2123656
1,22,0.3870968,0.1111111,0.25,1,0,0,0.07142857,0.2123656
1,23,0.3870968,0.25,0.25,0,0,0,0.04761905,0.2123656
1,24,0.3870968,0.1111111,0.25,1,0,0,0.07142857,0.2123656
1,25,0.3870968,0,0.25,0,0,0,0.1428571,0.2123656
1,26,0.3225806,0,0.25,0,0.08333334,0,0,0.218638
1,27,0.2903226,0,0.125,0,0.25,0,0,0.2217742
1,28,0.2903226,0,0.125,0,0.25,0,0,0.2217742
1,29,0.3548387,0,0.125,0,0.1875,0,0,0.2224462
1,30,0.4193548,0.3611111,0.25,0,0,0,0.07142857,0.2231183
1,31,0.4193548,0,0.25,0,0,0,0,0.2231183
1,32,0.4193548,0,0.25,1,0,0,0,0.2231183
1,33,0.4193548,0.25,0.25,0,0,0.6666667,0,0.2231183
1,34,0.4193548,0,0.25,0,0,0,0,0.2231183
1,35,0.4193548,0,0.25,1,0,0,0,0.2231183
1,36,0.4193548,0,0.25,0,0,0,0,0.2231183
1,37,0.4193548,0.3611111,0.25,0,0,0,0.07142857,0.2231183
1,38,0.3870968,0.25,0.125,0,0.1770833,0,0.0952381,0.2297267
1,39,0.3225806,0.5833334,0.375,0,0,0.75,0.2142857,0.2325269
1,40,0.3225806,0,0.375,0,0,0,0,0.2325269
1,41,0.3225806,0,0.375,0,0,0,0.1428571,0.2325269
1,42,0.3225806,0,0.25,0,0.125,0,0.02380952,0.2325269
1,43,0.3225806,0,0.375,0,0,0,0.2142857,0.2325269
1,44,0.3225806,0.3611111,0.25,0,0.125,0.6666667,0.3095238,0.2325269
1,45,0.4516129,0.25,0.25,0,0,0,0,0.233871
1,46,0.4516129,0,0.25,0,0,0,0,0.233871
1,47,0.3870968,0.3611111,0.25,0,0.08333334,0.5,0,0.2401434
1,48,0.3548387,0.1111111,0.25,1,0.125,0,0.04761905,0.2432796
1,49,0.3548387,0,0.375,0,0,0,0,0.2432796
1,50,0.4193548,0,0.25,0,0.08333334,0,0.0952381,0.2508961
1,51,0.4193548,0,0.25,0,0.08333334,0,0.0952381,0.2508961
1,52,0.4193548,0,0.25,0,0.08333334,0,0.0952381,0.2508961
1,53,0.3870968,0,0.375,0,0,0,0.2857143,0.2540323
1,54,0.3870968,0.05555556,0.375,1,0,0,0,0.2540323
1,55,0.3870968,0.05555556,0.375,1,0,0,0,0.2540323
1,56,0.3870968,0.25,0.375,0,0,0.25,0,0.2540323
1,57,0.3870968,0,0.375,0,0,0,0.02380952,0.2540323
1,58,0.3870968,0,0.25,0,0.125,0,0,0.2540323
1,59,0.3870968,0.25,0.375,0,0,0,0.2857143,0.2540323
1,60,0.3870968,0,0.375,0,0,0,0,0.2540323
1,61,0.3870968,0.05555556,0.375,1,0,0,0,0.2540323
1,62,0.3870968,0.05555556,0.375,1,0,0,0,0.2540323
1,63,0.2903226,0.1111111,0.25,1,0.25,0,0,0.2634408
1,64,0.2903226,0.25,0.25,0,0.25,0.5,0,0.2634408
1,65,0.2903226,0.25,0.25,0,0.25,0.5,0,0.2634408
1,66,0.2903226,0,0.25,0,0.25,0,0,0.2634408
1,67,0.3548387,0,0.125,0,0.3125,0,0,0.2641129
1,68,0.4193548,0.2222222,0.375,1,0,0,0.02380952,0.2647849
1,69,0.4193548,0,0.375,0,0,0,0,0.2647849
1,70,0.4193548,0,0.375,0,0,0,0,0.2647849
1,71,0.4193548,0,0.375,0,0,0,0.02380952,0.2647849
1,72,0.4193548,0.05555556,0.375,1,0,0,0,0.2647849
1,73,0.4193548,0,0.375,0,0,0,0.02380952,0.2647849
1,74,0.4193548,0,0.375,0,0,0,0,0.2647849
1,75,0.4193548,0.25,0.375,0,0,0,0.0952381,0.2647849
1,76,0.4193548,0,0.375,0,0,0,0.02380952,0.2647849
1,77,0.4193548,0.25,0.375,0,0,0,0,0.2647849
1,78,0.3548387,0.25,0.375,0,0.08333334,0,0.04761905,0.2710573
1,79,0.3548387,0,0.375,0,0.08333334,0,0.04761905,0.2710573
1,80,0.3548387,0,0.375,1,0.08333334,0,0.07142857,0.2710573
1,81,0.3548387,0.25,0.375,0,0.08333334,0,0.04761905,0.2710573
1,82,0.4516129,0,0.375,0,0,0,0.4285714,0.2755376
1,83,0.4193548,0,0.25,0,0.1666667,0,0,0.2786738
1,84,0.3548387,0.25,0.5,0,0,0,0.3333333,0.2849462
1,85,0.3548387,0,0.375,0,0.125,0,0,0.2849462
1,86,0.3870968,0.25,0.375,0,0.09375,0,0,0.2852823
1,87,0.4193548,0,0.125,0,0.3333333,0,0,0.2925627
1,88,0.4193548,0,0.375,0,0.08333334,0,0,0.2925627
1,89,0.4193548,0,0.375,0,0.08333334,0,0,0.2925627
1,90,0.4193548,0,0.375,0,0.08333334,0,0,0.2925627
1,91,0.3870968,0,0.5,0,0,0,0.3333333,0.2956989
1,92,0.3870968,0.25,0.5,0,0,0,0.04761905,0.2956989
1,93,0.3870968,0.25,0.5,0,0,1,0.3333333,0.2956989
1,94,0.3870968,0.25,0.5,0,0,0,0.3333333,0.2956989
1,95,0.3870968,0,0.5,0,0,0,0.04761905,0.2956989
1,96,0.4193548,0.25,0.5,0,0,0,0,0.3064516
1,97,0.3548387,0,0.625,0,0,0,0.04761905,0.3266129
1,98,0.4193548,0,0.625,0,0,0,0.02380952,0.3481183
1,99,0.4193548,0,0.625,0,0,0,0.02380952,0.3481183
2,0,0.3870968,0.05555556,0.375,1,0,0,0,0.2540323
2,1,0.3870968,0.05555556,0.375,1,0,0,0,0.2540323
2,2,0.2903226,0,0.25,0,0.25,0,0,0.2634408
2,3,0.2903226,0,0.25,0,0.25,0,0,0.2634408
2,4,0.2903226,0,0.25,0,0.25,0,0,0.2634408
2,5,0.2903226,0.25,0.25,0,0.25,0,0,0.2634408
2,6,0.2903226,0.1111111,0.25,1,0.25,0,0,0.2634408
2,7,0.2903226,0.25,0.25,0,0.25,0.5,0,0.2634408
2,8,0.2903226,0.25,0.25,0,0.25,0.5,0,0.2634408
2,9,0.2903226,0,0.25,0,0.25,0,0,0.2634408
2,10,0.3225806,0,0.375,0,0.09375,0,0.1666667,0.2637769
2,11,0.3548387,0.25,0.125,0,0.3125,0.6666667,0,0.2641129
2,12,0.3548387,0,0.125,0,0.3125,0,0,0.2641129
2,13,0.4193548,0,0.375,0,0,0,0,0.2647849
2,14,0.4193548,0,0.375,0,0,0,0,0.2647849
2,15,0.4193548,0.2777778,0.375,1,0,0,0.02380952,0.2647849
2,16,0.4193548,0.25,0.375,0,0,0,0.02380952,0.2647849
2,17,0.4193548,0.3611111,0.375,0,0,0,0,0.2647849
2,18,0.4193548,0,0.375,0,0,0,0,0.2647849
2,19,0.4193548,0,0.375,0,0,0,0.1428571,0.2647849
2,20,0.4193548,0,0.375,0,0,0,0.02380952,0.2647849
2,21,0.4193548,0.25,0.375,0,0,0,0,0.2647849
2,22,0.4193548,0.25,0.375,0,0,0,0,0.2647849
2,23,0.4193548,0,0.375,0,0,0,0,0.2647849
2,24,0.4193548,0.05555556,0.375,1,0,0,0,0.2647849
2,25,0.4193548,0.25,0.375,0,0,0,0.02380952,0.2647849
2,26,0.4193548,0.25,0.375,0,0,0,0,0.2647849
2,27,0.4193548,0,0.375,0,0,0,0,0.2647849
2,28,0.4193548,0.25,0.375,0,0,0,0.02380952,0.2647849
2,29,0.4193548,0,0.375,0,0,0,0.02380952,0.2647849
2,30,0.4193548,0,0.375,0,0,0,0,0.2647849
2,31,0.4193548,0.2222222,0.375,1,0,0,0.02380952,0.2647849
2,32,0.4193548,0,0.375,0,0,0,0,0.2647849
2,33,0.4193548,0,0.375,0,0,0,0,0.2647849
2,34,0.4193548,0,0.375,0,0,0,0.02380952,0.2647849
2,35,0.4193548,0.05555556,0.375,1,0,0,0,0.2647849
2,36,0.4193548,0,0.375,0,0,0,0.02380952,0.2647849
2,37,0.4193548,0,0.375,0,0,0,0,0.2647849
2,38,0.4193548,0.25,0.375,0,0,0,0.0952381,0.2647849
2,39,0.4193548,0,0.375,0,0,0,0.02380952,0.2647849
2,40,0.4193548,0.25,0.375,0,0,0,0,0.2647849
2,41,0.3548387,0,0.375,1,0.08333334,0,0.07142857,0.2710573
2,42,0.3548387,0.25,0.375,0,0.08333334,0,0.04761905,0.2710573
2,43,0.3548387,0.3055556,0.375,0,0.08333334,0,0.04761905,0.2710573
2,44,0.3548387,0.25,0.375,0,0.08333334,0,0.04761905,0.2710573
2,45,0.3548387,0,0.375,0,0.08333334,0,0.04761905,0.2710573
2,46,0.3548387,0,0.375,1,0.08333334,0,0.07142857,0.2710573
2,47,0.3548387,0.25,0.375,0,0.08333334,0,0.04761905,0.2710573
2,48,0.3225806,0,0.5,0,0,0,0.2380952,0.2741936
2,49,0.3225806,0,0.5,0,0,0,0.1428571,0.2741936
2,50,0.4516129,0,0.375,0,0,0,0.4285714,0.2755376
2,51,0.4516129,0,0.375,0,0,0,0,0.2755376
2,52,0.4516129,0,0.375,0,0,0,0.4285714,0.2755376
2,53,0.4193548,0.1111111,0.25,1,0.1666667,0,0,0.2786738
2,54,0.4193548,0,0.25,1,0.1666667,0,0,0.2786738
2,55,0.4193548,0,0.25,0,0.1666667,0,0,0.2786738
2,56,0.4193548,0,0.25,0,0.1666667,0,0,0.2786738
2,57,0.3548387,0,0.5,0,0,0,0.04761905,0.2849462
2,58,0.3548387,0.25,0.375,0,0.125,0,0,0.2849462
2,59,0.3548387,0.25,0.5,0,0,0,0.3333333,0.2849462
2,60,0.3548387,0,0.375,0,0.125,0,0,0.2849462
2,61,0.3870968,0.25,0.375,0,0.09375,0,0,0.2852823
2,62,0.4193548,0,0.375,0,0.08333334,0,0.04761905,0.2925627
2,63,0.4193548,0,0.125,0,0.3333333,0,0,0.2925627
2,64,0.4193548,0,0.375,0,0.08333334,0,0,0.2925627
2,65,0.4193548,0,0.375,0,0.08333334,0,0,0.2925627
2,66,0.4193548,0,0.375,0,0.08333334,0,0,0.2925627
2,67,0.2903226,0.2222222,0.375,1,0.21875,0,0,0.2946908
2,68,0.3870968,0,0.5,0,0,0,0,0.2956989
2,69,0.3870968,0.3611111,0.5,0,0,0,0.04761905,0.2956989
2,70,0.3870968,0,0.5,1,0,0,0.04761905,0.2956989
2,71,0.3870968,0.1666667,0.5,1,0,0,0.0952381,0.2956989
2,72,0.3870968,0,0.25,0,0.25,0,0.04761905,0.2956989
2,73,0.3870968,0,0.5,0,0,0,0.04761905,0.2956989
2,74,0.3870968,0.1666667,0.5,1,0,0,0.04761905,0.2956989
2,75,0.3870968,0,0.5,0,0,0,0.04761905,0.2956989
2,76,0.3870968,0,0.5,0,0,0,0.3333333,0.2956989
2,77,0.3870968,0.25,0.5,0,0,0,0.04761905,0.2956989
2,78,0.3870968,0.25,0.5,0,0,1,0.3333333,0.2956989
2,79,0.3870968,0.25,0.5,0,0,0,0.3333333,0.2956989
2,80,0.3870968,0,0.5,0,0,0,0.04761905,0.2956989
2,81,0.4516129,0,0.375,0,0.08333334,0,0,0.3033154
2,82,0.4516129,0,0.375,0,0.08333334,0,0.3809524,0.3033154
2,83,0.2903226,0.25,0.25,0,0.375,0.5,0,0.3051075
2,84,0.2903226,0.1111111,0.375,1,0.25,0,0.0952381,0.3051075
2,85,0.3548387,0,0.125,0,0.4375,0,0.0952381,0.3057796
2,86,0.4193548,0.25,0.5,0,0,0,0,0.3064516
2,87,0.3225806,0.5833334,0.375,0,0.25,0.75,0.2142857,0.3158602
2,88,0.3225806,0.4166667,0.5,0,0.125,0.6666667,0.3095238,0.3158602
2,89,0.4516129,0,0.5,0,0,0,0.2380952,0.3172043
2,90,0.4193548,0,0.125,0,0.4166667,0,0,0.3203405
2,91,0.3548387,0.1111111,0.5,1,0.125,0,0.04761905,0.3266129
2,92,0.3548387,0,0.625,0,0,0,0.04761905,0.3266129
2,93,0.4193548,0,0.625,0,0,0,0.02380952,0.3481183
2,94,0.4193548,0,0.625,0,0,0,0.1190476,0.3481183
2,95,0.4193548,0.25,0.625,0,0,0,0.02380952,0.3481183
2,96,0.4193548,0.25,0.625,0,0,0,0.02380952,0.3481183
2,97,0.4193548,0,0.625,0,0,0,0,0.3481183
2,98,0.4193548,0,0.625,0,0,0,0.02380952,0.3481183
2,99,0.4193548,0,0.625,0,0,0,0.02380952,0.3481183
3,0,0.4193548,0,0.375,0,0.08333334,0,0,0.2925627
3,1,0.4193548,0,0.375,0,0.08333334,0,0,0.2925627
3,2,0.4193548,0,0.375,0,0.08333334,0,0,0.2925627
3,3,0.2903226,0.2222222,0.375,1,0.21875,0,0,0.2946908
3,4,0.3225806,0.3333333,0.25,1,0.3125,0,0.1428571,0.2950269
3,5,0.3870968,0.1666667,0.5,1,0,0,0.1428571,0.2956989
3,6,0.3870968,0.2777778,0.5,1,0,0,0.04761905,0.2956989
3,7,0.3870968,0.6388889,0.5,0,0,0.5,0.04761905,0.2956989
3,8,0.3870968,0.25,0.5,0,0,0,0.3333333,0.2956989
3,9,0.3870968,0.05555556,0.25,1,0.25,0,0.04761905,0.2956989
3,10,0.3870968,0.1111111,0.5,1,0,0,0.04761905,0.2956989
3,11,0.3870968,0,0.5,0,0,0,0.3333333,0.2956989
3,12,0.3870968,0,0.5,0,0,0,0.3333333,0.2956989
3,13,0.3870968,0,0.5,0,0,0,0.04761905,0.2956989
3,14,0.3870968,0.1666667,0.5,1,0,0,0.04761905,0.2956989
3,15,0.3870968,0.3055556,0.5,0,0,0,0.3333333,0.2956989
3,16,0.3870968,0.3611111,0.5,0,0,0,0.04761905,0.2956989
3,17,0.3870968,0,0.5,0,0,0,0.04761905,0.2956989
3,18,0.3870968,0,0.5,0,0,0,0.04761905,0.2956989
3,19,0.3870968,0,0.5,0,0,0,0.04761905,0.2956989
3,20,0.3870968,0,0.5,0,0,0,0,0.2956989
3,21,0.3870968,0.3611111,0.5,0,0,0,0.04761905,0.2956989
3,22,0.3870968,0,0.5,1,0,0,0.04761905,0.2956989
3,23,0.3870968,0.1666667,0.5,1,0,0,0.0952381,0.2956989
3,24,0.3870968,0,0.25,0,0.25,0,0.04761905,0.2956989
3,25,0.3870968,0,0.5,0,0,0,0.04761905,0.2956989
3,26,0.3870968,0.1666667,0.5,1,0,0,0.04761905,0.2956989
3,27,0.3870968,0,0.5,0,0,0,0.04761905,0.2956989
3,28,0.3870968,0,0.5,0,0,0,0.3333333,0.2956989
3,29,0.3870968,0.25,0.5,0,0,0,0.04761905,0.2956989
3,30,0.3870968,0.25,0.5,0,0,1,0.3333333,0.2956989
3,31,0.3870968,0.25,0.5,0,0,0,0.3333333,0.2956989
3,32,0.3870968,0,0.5,0,0,0,0.04761905,0.2956989
3,33,0.4516129,0,0.375,0,0.08333334,0,0.1428571,0.3033154
3,34,0.4516129,0,0.375,0,0.08333334,0,0.2857143,0.3033154
3,35,0.4516129,0,0.375,0,0.08333334,0,0.1428571,0.3033154
3,36,0.4516129,0,0.375,0,0.08333334,0,0,0.3033154
3,37,0.4516129,0,0.375,0,0.08333334,0,0.3809524,0.3033154
3,38,0.2903226,0,0.375,0,0.25,0,0.0952381,0.3051075
3,39,0.2903226,0,0.25,0,0.375,0,0,0.3051075
3,40,0.2903226,0.25,0.25,0,0.375,0.5,0,0.3051075
3,41,0.2903226,0.1111111,0.375,1,0.25,0,0.0952381,0.3051075
3,42,0.3548387,0,0.125,0,0.4375,0,0.0952381,0.3057796
3,43,0.4193548,0,0.5,0,0,0,0,0.3064516
3,44,0.4193548,0.25,0.5,0,0,0,0,0.3064516
3,45,0.4193548,0,0.5,0,0,0,0,0.3064516
3,46,0.4193548,0,0.5,0,0,0,0,0.3064516
3,47,0.4193548,0,0.5,0,0,0,0.0952381,0.3064516
3,48,0.4193548,0.25,0.5,0,0,0,0,0.3064516
3,49,0.4193548,0,0.5,0,0,0,0,0.3064516
3,50,0.4193548,0,0.5,0,0,0,0,0.3064516
3,51,0.4193548,0,0.5,0,0,0,0.04761905,0.3064516
3,52,0.4193548,0,0.5,0,0,0,0,0.3064516
3,53,0.4193548,0,0.5,0,0,0,0,0.3064516
3,54,0.4193548,0,0.5,0,0,0,0.0952381,0.3064516
3,55,0.4193548,0.25,0.5,0,0,0,0,0.3064516
3,56,0.3548387,0,0.375,1,0.2083333,0,0.07142857,0.312724
3,57,0.3225806,0,0.5,0,0.125,0,0.0952381,0.3158602
3,58,0.3225806,0,0.5,0,0.125,0,0.3095238,0.3158602
3,59,0.3225806,0,0.5,0,0.125,0,0.3095238,0.3158602
3,60,0.3225806,0,0.5,0,0.125,0,0.3095238,0.3158602
3,61,0.3225806,0.5833334,0.375,0,0.25,0.75,0.1428571,0.3158602
3,62,0.3225806,0.5833334,0.375,0,0.25,0.75,0.2142857,0.3158602
3,63,0.3225806,0.4166667,0.5,0,0.125,0.6666667,0.3095238,0.3158602
3,64,0.3870968,0.25,0.5,0,0.0625,0,0.0952381,0.3165323
3,65,0.4516129,0.25,0.5,0,0,0,0,0.3172043
3,66,0.4516129,0,0.5,0,0,0,0.2380952,0.3172043
3,67,0.4193548,0,0.375,0,0.1666667,0,0.02380952,0.3203405
3,68,0.4193548,0,0.125,0,0.4166667,0,0,0.3203405
3,69,0.3548387,0.1111111,0.5,1,0.125,0,0.04761905,0.3266129
3,70,0.3548387,0,0.625,0,0,0,0.04761905,0.3266129
3,71,0.4193548,0,0.375,0,0.1875,0,0,0.3272849
3,72,0.3870968,0,0.5,0,0.125,0,0.04761905,0.3373656
3,73,0.4516129,0,0.5,0,0.08333334,0,0.04761905,0.3449821
3,74,0.4516129,0,0.5,0,0.08333334,0,0.1904762,0.3449821
3,75,0.4193548,0,0.625,0,0,0,0,0.3481183
3,76,0.4193548,0,0.625,0,0,0,0.0952381,0.3481183
3,77,0.4193548,0,0.625,0,0,0,0,0.3481183
3,78,0.4193548,0,0.625,0,0,0,0,0.3481183
3,79,0.4193548,0,0.625,0,0,0,0.02380952,0.3481183
3,80,0.4193548,0,0.625,0,0,0,0,0.3481183
3,81,0.4193548,0.25,0.625,0,0,0,0.02380952,0.3481183
3,82,0.4193548,0,0.625,1,0,0,0.02380952,0.3481183
3,83,0.4193548,0,0.625,0,0,0,0.02380952,0.3481183
3,84,0.4193548,0.4166667,0.625,0,0,0.75,0.02380952,0.3481183
3,85,0.4193548,0,0.625,0,0,0,0.02380952,0.3481183
3,86,0.4193548,0.25,0.625,0,0,0,0,0.3481183
3,87,0.4193548,0,0.625,0,0,0,0.04761905,0.3481183
3,88,0.4193548,0,0.625,0,0,0,0.02380952,0.3481183
3,89,0.4193548,0,0.625,0,0,0,0.02380952,0.3481183
3,90,0.4193548,0,0.625,0,0,0,0.1190476,0.3481183
3,91,0.4193548,0.25,0.625,0,0,0,0.02380952,0.3481183
3,92,0.4193548,0.25,0.625,0,0,0,0.02380952,0.3481183
3,93,0.4193548,0,0.625,0,0,0,0,0.3481183
3,94,0.4193548,0,0.625,0,0,0,0.02380952,0.3481183
3,95,0.4193548,0,0.625,0,0,0,0.02380952,0.3481183
3,96,0.3870968,0.25,0.5,0,0.1875,0,0.3333333,0.3581989
3,97,0.3870968,0.25,0.75,0,0,1,0.3333333,0.3790323
3,98,0.3870968,0.25,0.75,0,0,1,0.3333333,0.3790323
3,99,0.3870968,0,0.75,0,0,0,0.3333333,0.3790323
4,0,0.4193548,0,0.5,0,0,0,0,0.3064516
4,1,0.4193548,0,0.5,0,0,0,0,0.3064516
4,2,0.4193548,0,0.5,0,0,0,0.04761905,0.3064516
4,3,0.4193548,0,0.5,0,0,0,0,0.3064516
4,4,0.4193548,0,0.5,0,0,0,0,0.3064516
4,5,0.4193548,0,0.5,0,0,0,0.0952381,0.3064516
4,6,0.4193548,0.25,0.5,0,0,0,0,0.3064516
4,7,0.3548387,0,0.375,1,0.2083333,0,0.07142857,0.312724
4,8,0.3225806,0,0.5,0,0.125,0,0.3095238,0.3158602
4,9,0.3225806,0.6388889,0.625,0,0,0.75,0.2142857,0.3158602
4,10,0.3225806,0.25,0.5,0,0.125,0,0.3095238,0.3158602
4,11,0.3225806,0.25,0.5,0,0.125,0.6666667,0.3095238,0.3158602
4,12,0.3225806,0.5,0.5,1,0.125,0,0.3095238,0.3158602
4,13,0.3225806,0.4166667,0.5,0,0.125,0.6666667,0.3095238,0.3158602
4,14,0.3225806,0,0.5,0,0.125,0,0.0952381,0.3158602
4,15,0.3225806,0,0.5,0,0.125,0,0.3095238,0.3158602
4,16,0.3225806,0,0.5,0,0.125,0,0.3095238,0.3158602
4,17,0.3225806,0,0.5,0,0.125,0,0.3095238,0.3158602
4,18,0.3225806,0.5833334,0.375,0,0.25,0.75,0.1428571,0.3158602
4,19,0.3225806,0.5833334,0.375,0,0.25,0.75,0.2142857,0.3158602
4,20,0.3225806,0.4166667,0.5,0,0.125,0.6666667,0.3095238,0.3158602
4,21,0.3870968,0.3333333,0.25,1,0.3125,0,0.1428571,0.3165323
4,22,0.3870968,0.3333333,0.25,1,0.3125,0,0.1428571,0.3165323
4,23,0.3870968,0.1666667,0.5,1,0.0625,0,0.0952381,0.3165323
4,24,0.3870968,0.25,0.5,0,0.0625,0,0.0952381,0.3165323
4,25,0.4516129,0,0.5,0,0,0,0.1428571,0.3172043
4,26,0.4516129,0,0.5,0,0,0,0.2380952,0.3172043
4,27,0.4516129,0,0.5,0,0,0,0.2857143,0.3172043
4,28,0.4516129,0.25,0.5,0,0,0,0,0.3172043
4,29,0.4516129,0.25,0.5,0,0,0,0,0.3172043
4,30,0.4516129,0,0.5,0,0,0,0.2380952,0.3172043
4,31,0.4193548,0,0.375,0,0.1666667,0,0.02380952,0.3203405
4,32,0.4193548,0,0.375,0,0.1666667,0,0.02380952,0.3203405
4,33,0.4193548,0,0.125,0,0.4166667,0,0,0.3203405
4,34,0.3870968,0,0.25,0,0.3333333,0,0.0952381,0.3234767
4,35,0.3870968,0,0.5,0,0.08333334,0,0,0.3234767
4,36,0.3548387,0,0.625,0,0,0,0.02380952,0.3266129
4,37,0.3548387,0.1111111,0.5,1,0.125,0,0.04761905,0.3266129
4,38,0.3548387,0,0.625,0,0,0,0.04761905,0.3266129
4,39,0.4193548,0,0.375,0,0.1875,0,0,0.3272849
4,40,0.3870968,0.3611111,0.625,0,0,0,0.07142857,0.3373656
4,41,0.3870968,0.3611111,0.625,0,0,0,0.0952381,0.3373656
4,42,0.3870968,0,0.5,0,0.125,0,0.02380952,0.3373656
4,43,0.3870968,0,0.625,0,0,0,0,0.3373656
4,44,0.3870968,0,0.625,0,0,0,0.2857143,0.3373656
4,45,0.3870968,0.25,0.625,0,0,1,0.1428571,0.3373656
4,46,0.3870968,0.25,0.625,0,0,1,0.2857143,0.3373656
4,47,0.3870968,0.25,0.625,0,0,0,0,0.3373656
4,48,0.3870968,0.25,0.625,0,0,1,0.3809524,0.3373656
4,49,0.3870968,0,0.625,0,0,0,0.02380952,0.3373656
4,50,0.3870968,0,0.5,0,0.125,0,0.04761905,0.3373656
4,51,0.3870968,0,0.5,0,0.125,0,0.04761905,0.3373656
4,52,0.4193548,0,0.5,0,0.09375,0,0.02380952,0.3377016
4,53,0.4193548,0.25,0.5,0,0.09375,0,0.02380952,0.3377016
4,54,0.4516129,0,0.5,0,0.08333334,0,0.04761905,0.3449821
4,55,0.4516129,0,0.5,0,0.08333334,0,0.1904762,0.3449821
4,56,0.4193548,0.5277778,0.625,0,0,0.75,0.0952381,0.3481183
4,57,0.4193548,0,0.625,0,0,0,0.02380952,0.3481183
4,58,0.4193548,0,0.625,0,0,0,0.04761905,0.3481183
4,59,0.4193548,0.25,0.625,0,0,0,0.1190476,0.3481183
4,60,0.4193548,0.25,0.625,0,0,0,0.04761905,0.3481183
4,61,0.4193548,0.3611111,0.625,0,0,0,0.02380952,0.3481183
4,62,0.4193548,0,0.625,0,0,0,0.02380952,0.3481183
4,63,0.4193548,0,0.625,0,0,0,0.02380952,0.3481183
4,64,0.4193548,0,0.625,0,0,0,0,0.3481183
4,65,0.4193548,0,0.625,0,0,0,0,0.3481183
4,66,0.4193548,0,0.625,0,0,0,0.07142857,0.3481183
4,67,0.4193548,0,0.625,0,0,0,0,0.3481183
4,68,0.4193548,0,0.625,0,0,0,0.0952381,0.3481183
4,69,0.4193548,0,0.625,0,0,0,0,0.3481183
4,70,0.4193548,0,0.625,0,0,0,0,0.3481183
4,71,0.4193548,0,0.625,0,0,0,0.02380952,0.3481183
4,72,0.4193548,0,0.625,0,0,0,0,0.3481183
4,73,0.4193548,0.25,0.625,0,0,0,0.02380952,0.3481183
4,74,0.4193548,0,0.625,1,0,0,0.02380952,0.3481183
4,75,0.4193548,0,0.625,0,0,0,0.02380952,0.3481183
4,76,0.4193548,0.4166667,0.625,0,0,0.75,0.02380952,0.3481183
4,77,0.4193548,0,0.625,0,0,0,0.02380952,0.3481183
4,78,0.4193548,0.25,0.625,0,0,0,0,0.3481183
4,79,0.4193548,0,0.625,0,0,0,0.04761905,0.3481183
4,80,0.4193548,0,0.625,0,0,0,0.02380952,0.3481183
4,81,0.4193548,0,0.625,0,0,0,0.02380952,0.3481183
4,82,0.4193548,0,0.625,0,0,0,0.1190476,0.3481183
4,83,0.4193548,0.25,0.625,0,0,0,0.02380952,0.3481183
4,84,0.4193548,0.25,0.625,0,0,0,0.02380952,0.3481183
4,85,0.4193548,0,0.625,0,0,0,0,0.3481183
4,86,0.4193548,0,0.625,0,0,0,0.02380952,0.3481183
4,87,0.4193548,0,0.625,0,0,0,0.02380952,0.3481183
4,88,0.3870968,0,0.5,0,0.1875,0,0.3333333,0.3581989
4,89,0.3870968,0,0.5,0,0.1875,0,0.3333333,0.3581989
4,90,0.3870968,0,0.5,0,0.1875,0,0.3333333,0.3581989
4,91,0.3870968,0.25,0.5,0,0.1875,0,0.3333333,0.3581989
4,92,0.4193548,0,0.5,0,0.1666667,0,0.04761905,0.3620072
4,93,0.3548387,0,0.75,0,0,0,0.3333333,0.3682796
4,94,0.4193548,0,0.625,0,0.08333334,0,0.04761905,0.3758961
4,95,0.3870968,0.25,0.75,0,0,0,0.3333333,0.3790323
4,96,0.3870968,0,0.75,0,0,0,0.3333333,0.3790323
4,97,0.3870968,0.25,0.75,0,0,1,0.3333333,0.3790323
4,98,0.3870968,0.25,0.75,0,0,1,0.3333333,0.3790323
4,99,0.3870968,0,0.75,0,0,0,0.3333333,0.3790323
5,0,0.3870968,0,0.625,0,0,0,0.02380952,0.3373656
5,1,0.3870968,0,0.5,0,0.125,0,0.04761905,0.3373656
5,2,0.3870968,0,0.5,0,0.125,0,0.04761905,0.3373656
5,3,0.4193548,0.3611111,0.5,0,0.09375,0,0.02380952,0.3377016
5,4,0.4193548,0,0.5,0,0.09375,0,0.02380952,0.3377016
5,5,0.4193548,0.25,0.5,0,0.09375,0,0.02380952,0.3377016
5,6,0.3225806,0.25,0.5,0,0.2083333,0.6666667,0.2142857,0.343638
5,7,0.4516129,0,0.5,1,0.08333334,0,0.1904762,0.3449821
5,8,0.4516129,0,0.5,0,0.08333334,0,0.04761905,0.3449821
5,9,0.4516129,0,0.5,0,0.08333334,0,0.1904762,0.3449821
5,10,0.3548387,0,0.5,0,0.1875,0,0.3333333,0.3474462
5,11,0.4193548,0,0.625,0,0,0,0,0.3481183
5,12,0.4193548,0,0.625,0,0,0,0.04761905,0.3481183
5,13,0.4193548,0.3611111,0.625,0,0,0.75,0.02380952,0.3481183
5,14,0.4193548,0,0.625,0,0,0,0,0.3481183
5,15,0.4193548,0.4166667,0.625,0,0,0.75,0.04761905,0.3481183
5,16,0.4193548,0.25,0.625,0,0,0,0.0952381,0.3481183
5,17,0.4193548,0,0.625,0,0,0,0.0952381,0.3481183
5,18,0.4193548,0.5277778,0.625,0,0,0.75,0.1428571,0.3481183
5,19,0.4193548,0.25,0.625,0,0,0,0.0952381,0.3481183
5,20,0.4193548,0.3611111,0.625,0,0,0,0,0.3481183
5,21,0.4193548,0,0.625,0,0,0,0.02380952,0.3481183
5,22,0.4193548,0,0.625,0,0,0,0.07142857,0.3481183
5,23,0.4193548,0,0.625,0,0,0,0.04761905,0.3481183
5,24,0.4193548,0,0.625,0,0,0,0.02380952,0.3481183
5,25,0.4193548,0.25,0.625,0,0,0,0.04761905,0.3481183
5,26,0.4193548,0,0.625,0,0,0,0,0.3481183
5,27,0.4193548,0.25,0.625,0,0,0,0,0.3481183
5,28,0.4193548,0,0.625,0,0,0,0,0.3481183
5,29,0.4193548,0.25,0.625,0,0,0,0.02380952,0.3481183
5,30,0.4193548,0,0.625,0,0,0,0.02380952,0.3481183
5,31,0.4193548,0.25,0.625,0,0,0,0.02380952,0.3481183
5,32,0.4193548,0.5277778,0.625,0,0,0.75,0.0952381,0.3481183
5,33,0.4193548,0,0.625,0,0,0,0.02380952,0.3481183
5,34,0.4193548,0,0.625,0,0,0,0.04761905,0.3481183
5,35,0.4193548,0.25,0.625,0,0,0,0.1190476,0.3481183
5,36,0.4193548,0.25,0.625,0,0,0,0.04761905,0.3481183
5,37,0.4193548,0.3611111,0.625,0,0,0,0.02380952,0.3481183
5,38,0.4193548,0,0.625,0,0,0,0.02380952,0.3481183
5,39,0.4193548,0,0.625,0,0,0,0.02380952,0.3481183
5,40,0.4193548,0,0.625,0,0,0,0,0.3481183
5,41,0.4193548,0,0.625,0,0,0,0,0.3481183
5,42,0.4193548,0,0.625,0,0,0,0.07142857,0.3481183
5,43,0.4193548,0,0.625,0,0,0,0,0.3481183
5,44,0.4193548,0,0.625,0,0,0,0.0952381,0.3481183
5,45,0.4193548,0,0.625,0,0,0,0,0.3481183
5,46,0.4193548,0,0.625,0,0,0,0,0.3481183
5,47,0.4193548,0,0.625,0,0,0,0.02380952,0.3481183
5,48,0.4193548,0,0.625,0,0,0,0,0.3481183
5,49,0.4193548,0.25,0.625,0,0,0,0.02380952,0.3481183
5,50,0.4193548,0,0.625,1,0,0,0.02380952,0.3481183
5,51,0.4193548,0,0.625,0,0,0,0.02380952,0.3481183
5,52,0.4193548,0.4166667,0.625,0,0,0.75,0.02380952,0.3481183
5,53,0.4193548,0,0.625,0,0,0,0.02380952,0.3481183
5,54,0.4193548,0.25,0.625,0,0,0,0,0.3481183
5,55,0.4193548,0,0.625,0,0,0,0.04761905,0.3481183
5,56,0.4193548,0,0.625,0,0,0,0.02380952,0.3481183
5,57,0.4193548,0,0.625,0,0,0,0.02380952,0.3481183
5,58,0.4193548,0,0.625,0,0,0,0.1190476,0.3481183
5,59,0.4193548,0.25,0.625,0,0,0,0.02380952,0.3481183
5,60,0.4193548,0.25,0.625,0,0,0,0.02380952,0.3481183
5,61,0.4193548,0,0.625,0,0,0,0,0.3481183
5,62,0.4193548,0,0.625,0,0,0,0.02380952,0.3481183
5,63,0.4193548,0,0.625,0,0,0,0.02380952,0.3481183
5,64,0.3870968,0.4444444,0.375,1,0.3125,0,0.1428571,0.3581989
5,65,0.3870968,0.2222222,0.5,1,0.1875,0,0.3333333,0.3581989
5,66,0.3870968,0.25,0.5,0,0.1875,0,0.3333333,0.3581989
5,67,0.3870968,0.3333333,0.25,1,0.4375,0,0.1428571,0.3581989
5,68,0.3870968,0,0.625,0,0.0625,0,0.3333333,0.3581989
5,69,0.3870968,0,0.5,0,0.1875,0,0.3333333,0.3581989
5,70,0.3870968,0,0.5,0,0.1875,0,0.3333333,0.3581989
5,71,0.3870968,0,0.5,0,0.1875,0,0.3333333,0.3581989
5,72,0.3870968,0.25,0.5,0,0.1875,0,0.3333333,0.3581989
5,73,0.4516129,0,0.625,0,0,0,0.1666667,0.358871
5,74,0.4516129,0,0.625,0,0,0,0.1190476,0.358871
5,75,0.4193548,0.25,0.5,0,0.1666667,0,0.04761905,0.3620072
5,76,0.4193548,0,0.5,0,0.1666667,0,0.04761905,0.3620072
5,77,0.3548387,0.25,0.75,0,0,0,0.3333333,0.3682796
5,78,0.3548387,0,0.75,0,0,0,0.3333333,0.3682796
5,79,0.4193548,0.25,0.5,0,0.1875,0,0.3333333,0.3689516
5,80,0.4516129,0,0.5,0,0.1666667,0,0.07142857,0.3727598
5,81,0.4193548,0,0.625,0,0.08333334,0,0.04761905,0.3758961
5,82,0.4193548,0,0.625,0,0.08333334,0,0.04761905,0.3758961
5,83,0.4193548,0.25,0.625,0,0.08333334,0,0.04761905,0.3758961
5,84,0.4193548,0,0.625,0,0.08333334,0,0.04761905,0.3758961
5,85,0.3870968,0.25,0.75,0,0,0,0.3333333,0.3790323
5,86,0.3870968,0.25,0.75,0,0,0,0.3333333,0.3790323
5,87,0.3870968,0.25,0.75,0,0,0,0.3333333,0.3790323
5,88,0.3870968,0,0.75,0,0,0,0.3333333,0.3790323
5,89,0.3870968,0.25,0.75,0,0,0,0.3333333,0.3790323
5,90,0.3870968,0.25,0.75,0,0,1,0.3333333,0.3790323
5,91,0.3870968,0.25,0.75,0,0,0,0.1190476,0.3790323
5,92,0.3870968,0.25,0.75,0,0,0,0.3333333,0.3790323
5,93,0.3870968,0.3611111,0.75,0,0,0.6666667,0.3333333,0.3790323
5,94,0.3870968,0.25,0.75,0,0,0,0.3333333,0.3790323
5,95,0.3870968,0,0.75,0,0,0,0.3333333,0.3790323
5,96,0.3870968,0.25,0.75,0,0,1,0.3333333,0.3790323
5,97,0.3870968,0.25,0.75,0,0,1,0.3333333,0.3790323
5,98,0.3870968,0,0.75,0,0,0,0.3333333,0.3790323
5,99,0.4193548,0,0.75,0,0,0,0.0952381,0.3897849
6,0,0.4193548,0,0.625,0,0,0,0.04761905,0.3481183
6,1,0.4193548,0.25,0.625,0,0,0,0.1190476,0.3481183
6,2,0.4193548,0.25,0.625,0,0,0,0.04761905,0.3481183
6,3,0.4193548,0.3611111,0.625,0,0,0,0.02380952,0.3481183
6,4,0.4193548,0,0.625,0,0,0,0.02380952,0.3481183
6,5,0.4193548,0,0.625,0,0,0,0.02380952,0.3481183
6,6,0.4193548,0,0.625,0,0,0,0,0.3481183
6,7,0.4193548,0,0.625,0,0,0,0,0.3481183
6,8,0.4193548,0,0.625,0,0,0,0.07142857,0.3481183
6,9,0.4193548,0,0.625,0,0,0,0,0.3481183
6,10,0.4193548,0,0.625,0,0,0,0.0952381,0.3481183
6,11,0.4193548,0,0.625,0,0,0,0,0.3481183
6,12,0.4193548,0,0.625,0,0,0,0,0.3481183
6,13,0.4193548,0,0.625,0,0,0,0.02380952,0.3481183
6,14,0.4193548,0,0.625,0,0,0,0,0.3481183
6,15,0.4193548,0.25,0.625,0,0,0,0.02380952,0.3481183
6,16,0.4193548,0,0.625,1,0,0,0.02380952,0.3481183
6,17,0.4193548,0,0.625,0,0,0,0.02380952,0.3481183
6,18,0.4193548,0.4166667,0.625,0,0,0.75,0.02380952,0.3481183
6,19,0.4193548,0,0.625,0,0,0,0.02380952,0.3481183
6,20,0.4193548,0.25,0.625,0,0,0,0,0.3481183
6,21,0.4193548,0,0.625,0,0,0,0.04761905,0.3481183
6,22,0.4193548,0,0.625,0,0,0,0.02380952,0.3481183
6,23,0.4193548,0,0.625,0,0,0,0.02380952,0.3481183
6,24,0.4193548,0,0.625,0,0,0,0.1190476,0.3481183
6,25,0.4193548,0.25,0.625,0,0,0,0.02380952,0.3481183
6,26,0.4193548,0.25,0.625,0,0,0,0.02380952,0.3481183
6,27,0.4193548,0,0.625,0,0,0,0,0.3481183
6,28,0.4193548,0,0.625,0,0,0,0.02380952,0.3481183
6,29,0.4193548,0,0.625,0,0,0,0.02380952,0.3481183
6,30,0.3870968,0,0.375,0,0.3125,0,0.1428571,0.3581989
6,31,0.3870968,0,0.5,0,0.1875,0,0.3333333,0.3581989
6,32,0.3870968,0,0.25,0,0.4375,0,0.1428571,0.3581989
6,33,0.3870968,0.25,0.25,0,0.4375,0,0.1428571,0.3581989
6,34,0.3870968,0.25,0.5,0,0.1875,0,0.3333333,0.3581989
6,35,0.3870968,0,0.5,0,0.1875,0,0.3333333,0.3581989
6,36,0.3870968,0,0.5,0,0.1875,0,0.3333333,0.3581989
6,37,0.3870968,0.4444444,0.375,1,0.3125,0,0.1428571,0.3581989
6,38,0.3870968,0.2222222,0.5,1,0.1875,0,0.3333333,0.3581989
6,39,0.3870968,0.25,0.5,0,0.1875,0,0.3333333,0.3581989
6,40,0.3870968,0.3333333,0.25,1,0.4375,0,0.1428571,0.3581989
6,41,0.3870968,0,0.625,0,0.0625,0,0.3333333,0.3581989
6,42,0.3870968,0,0.5,0,0.1875,0,0.3333333,0.3581989
6,43,0.3870968,0,0.5,0,0.1875,0,0.3333333,0.3581989
6,44,0.3870968,0,0.5,0,0.1875,0,0.3333333,0.3581989
6,45,0.3870968,0.25,0.5,0,0.1875,0,0.3333333,0.3581989
6,46,0.4516129,0.1111111,0.625,1,0,0,0.1190476,0.358871
6,47,0.4516129,0,0.625,0,0,0,0.1666667,0.358871
6,48,0.4516129,0,0.625,0,0,0,0.1190476,0.358871
6,49,0.4193548,0,0.5,0,0.1666667,0,0.04761905,0.3620072
6,50,0.4193548,0.3611111,0.5,0,0.1666667,0.75,0.04761905,0.3620072
6,51,0.4193548,0,0.5,0,0.1666667,0,0.04761905,0.3620072
6,52,0.4193548,0.25,0.5,0,0.1666667,0,0.04761905,0.3620072
6,53,0.4193548,0,0.5,0,0.1666667,0,0.04761905,0.3620072
6,54,0.3548387,0.25,0.75,0,0,0,0.3333333,0.3682796
6,55,0.3548387,0,0.75,0,0,0,0.3333333,0.3682796
6,56,0.4193548,0.25,0.5,0,0.1875,0,0.3333333,0.3689516
6,57,0.4516129,0,0.5,0,0.1666667,0,0.07142857,0.3727598
6,58,0.4193548,0.3611111,0.625,0,0.08333334,0,0.04761905,0.3758961
6,59,0.4193548,0.25,0.625,0,0.08333334,0,0.04761905,0.3758961
6,60,0.4193548,0,0.625,0,0.08333334,0,0.04761905,0.3758961
6,61,0.4193548,0,0.625,0,0.08333334,0,0.04761905,0.3758961
6,62,0.4193548,0.25,0.625,0,0.08333334,0,0.04761905,0.3758961
6,63,0.4193548,0,0.625,0,0.08333334,0,0.04761905,0.3758961
6,64,0.3870968,0,0.75,0,0,0,0.1190476,0.3790323
6,65,0.3870968,0.25,0.75,0,0,0,0.3333333,0.3790323
6,66,0.3870968,0.25,0.75,0,0,0,0.3333333,0.3790323
6,67,0.3870968,0.3611111,0.75,0,0,0.6666667,0.3095238,0.3790323
6,68,0.3870968,0,0.75,0,0,0,0.3333333,0.3790323
6,69,0.3870968,0,0.75,0,0,0,0.3333333,0.3790323
6,70,0.3870968,0,0.75,0,0,0,0.3333333,0.3790323
6,71,0.3870968,0,0.75,0,0,0,0.3333333,0.3790323
6,72,0.3870968,0.25,0.75,0,0,0,0.3333333,0.3790323
6,73,0.3870968,0.25,0.75,0,0,0,0.1666667,0.3790323
6,74,0.3870968,0,0.75,0,0,0,0.3333333,0.3790323
6,75,0.3870968,0.3055556,0.75,0,0,0.6666667,0.3333333,0.3790323
6,76,0.3870968,0.25,0.75,0,0,0,0.3333333,0.3790323
6,77,0.3870968,0,0.75,0,0,0,0.3333333,0.3790323
6,78,0.3870968,0,0.75,0,0,0,0.3333333,0.3790323
6,79,0.3870968,0.25,0.75,0,0,1,0.3333333,0.3790323
6,80,0.3870968,0.25,0.75,0,0,0,0.3333333,0.3790323
6,81,0.3870968,0.25,0.75,0,0,0,0.3333333,0.3790323
6,82,0.3870968,0.25,0.75,0,0,0,0.3333333,0.3790323
6,83,0.3870968,0.25,0.75,0,0,0,0.3333333,0.3790323
6,84,0.3870968,0,0.75,0,0,0,0.3333333,0.3790323
6,85,0.3870968,0.25,0.75,0,0,0,0.3333333,0.3790323
6,86,0.3870968,0.25,0.75,0,0,1,0.3333333,0.3790323
6,87,0.3870968,0.25,0.75,0,0,0,0.1190476,0.3790323
6,88,0.3870968,0.25,0.75,0,0,0,0.3333333,0.3790323
6,89,0.3870968,0.3611111,0.75,0,0,0.6666667,0.3333333,0.3790323
6,90,0.3870968,0.25,0.75,0,0,0,0.3333333,0.3790323
6,91,0.3870968,0,0.75,0,0,0,0.3333333,0.3790323
6,92,0.3870968,0.25,0.75,0,0,1,0.3333333,0.3790323
6,93,0.3870968,0.25,0.75,0,0,1,0.3333333,0.3790323
6,94,0.3870968,0,0.75,0,0,0,0.3333333,0.3790323
6,95,0.4193548,0,0.75,0,0,0,0.04761905,0.3897849
6,96,0.4193548,0.25,0.75,0,0,0,0.04761905,0.3897849
6,97,0.4193548,0.25,0.75,0,0,0,0.02380952,0.3897849
6,98,0.4193548,0.3611111,0.75,0,0,0.75,0.02380952,0.3897849
6,99,0.4193548,0,0.75,0,0,0,0.0952381,0.3897849
7,0,0.3870968,0.3333333,0.25,1,0.4375,0,0.1428571,0.3581989
7,1,0.3870968,0,0.625,0,0.0625,0,0.3333333,0.3581989
7,2,0.3870968,0,0.5,0,0.1875,0,0.3333333,0.3581989
7,3,0.3870968,0,0.5,0,0.1875,0,0.3333333,0.3581989
7,4,0.3870968,0,0.5,0,0.1875,0,0.3333333,0.3581989
7,5,0.3870968,0.25,0.5,0,0.1875,0,0.3333333,0.3581989
7,6,0.4516129,0.25,0.625,0,0,0,0.1190476,0.358871
7,7,0.4516129,0.1111111,0.625,1,0,0,0.1190476,0.358871
7,8,0.4516129,0,0.625,0,0,0,0.1666667,0.358871
7,9,0.4516129,0,0.625,0,0,0,0.1190476,0.358871
7,10,0.4193548,0.4722222,0.5,0,0.1666667,0.6666667,0.04761905,0.3620072
7,11,0.4193548,0.25,0.5,0,0.1666667,0,0.04761905,0.3620072
7,12,0.4193548,0.4722222,0.5,0,0.1666667,0.6666667,0.04761905,0.3620072
7,13,0.4193548,0,0.5,0,0.1666667,0,0.04761905,0.3620072
7,14,0.4193548,0.3611111,0.5,0,0.1666667,0.75,0.04761905,0.3620072
7,15,0.4193548,0,0.5,0,0.1666667,0,0.04761905,0.3620072
7,16,0.4193548,0.25,0.5,0,0.1666667,0,0.04761905,0.3620072
7,17,0.4193548,0,0.5,0,0.1666667,0,0.04761905,0.3620072
7,18,0.3870968,0,0.625,0,0.08333334,0,0.04761905,0.3651434
7,19,0.3548387,0.25,0.75,0,0,0,0.3333333,0.3682796
7,20,0.3548387,0,0.75,0,0,0,0.3333333,0.3682796
7,21,0.4193548,0,0.5,0,0.1875,0,0.3333333,0.3689516
7,22,0.4193548,0,0.5,0,0.1875,0,0.3333333,0.3689516
7,23,0.4193548,0,0.5,0,0.1875,0,0.3333333,0.3689516
7,24,0.4193548,0.25,0.625,0,0.0625,0,0.3333333,0.3689516
7,25,0.4193548,0.25,0.5,0,0.1875,0,0.3333333,0.3689516
7,26,0.4516129,0,0.5,0,0.1666667,0,0.07142857,0.3727598
7,27,0.4516129,0,0.5,0,0.1666667,0,0.07142857,0.3727598
7,28,0.4193548,0,0.625,0,0.08333334,0,0.04761905,0.3758961
7,29,0.4193548,0.3611111,0.625,0,0.08333334,0,0.04761905,0.3758961
7,30,0.4193548,0.25,0.625,0,0.08333334,0,0.04761905,0.3758961
7,31,0.4193548,0,0.625,0,0.08333334,0,0.04761905,0.3758961
7,32,0.4193548,0.3611111,0.625,0,0.08333334,0,0.04761905,0.3758961
7,33,0.4193548,0.25,0.625,0,0.08333334,0,0.04761905,0.3758961
7,34,0.4193548,0,0.625,0,0.08333334,0,0.04761905,0.3758961
7,35,0.4193548,0,0.625,0,0.08333334,0,0.04761905,0.3758961
7,36,0.4193548,0.25,0.625,0,0.08333334,0,0.04761905,0.3758961
7,37,0.4193548,0,0.625,0,0.08333334,0,0.04761905,0.3758961
7,38,0.3870968,0.25,0.75,0,0,0,0.3333333,0.3790323
7,39,0.3870968,0,0.75,0,0,0,0.3333333,0.3790323
7,40,0.3870968,0,0.75,0,0,0,0.3333333,0.3790323
7,41,0.3870968,0.2777778,0.75,1,0,0,0.3333333,0.3790323
7,42,0.3870968,0,0.75,0,0,0,0.3333333,0.3790323
7,43,0.3870968,0,0.75,0,0,0,0.3333333,0.3790323
7,44,0.3870968,0.25,0.625,0,0.125,0,0.1904762,0.3790323
7,45,0.3870968,0.25,0.75,0,0,0,0.3333333,0.3790323
7,46,0.3870968,0,0.75,0,0,0,0.3333333,0.3790323
7,47,0.3870968,0,0.75,0,0,0,0.3333333,0.3790323
7,48,0.3870968,0.3055556,0.75,0,0,0.6666667,0.3333333,0.3790323
7,49,0.3870968,0.25,0.75,0,0,0,0.3333333,0.3790323
7,50,0.3870968,0,0.75,0,0,0,0.3333333,0.3790323
7,51,0.3870968,0.25,0.75,0,0,0,0.3333333,0.3790323
7,52,0.3870968,0,0.75,0,0,0,0.04761905,0.3790323
7,53,0.3870968,0.05555556,0.75,1,0,0,0.3333333,0.3790323
7,54,0.3870968,0.25,0.75,0,0,1,0.1666667,0.3790323
7,55,0.3870968,0,0.75,0,0,0,0.3333333,0.3790323
7,56,0.3870968,0,0.75,0,0,0,0.3333333,0.3790323
7,57,0.3870968,0,0.5,0,0.25,0,0.3333333,0.3790323
7,58,0.3870968,0,0.75,0,0,0,0.1190476,0.3790323
7,59,0.3870968,0.25,0.75,0,0,0,0.3333333,0.3790323
7,60,0.3870968,0.25,0.75,0,0,0,0.3333333,0.3790323
7,61,0.3870968,0.3611111,0.75,0,0,0.6666667,0.3095238,0.3790323
7,62,0.3870968,0,0.75,0,0,0,0.3333333,0.3790323
7,63,0.3870968,0,0.75,0,0,0,0.3333333,0.3790323
7,64,0.3870968,0,0.75,0,0,0,0.3333333,0.3790323
7,65,0.3870968,0,0.75,0,0,0,0.3333333,0.3790323
7,66,0.3870968,0.25,0.75,0,0,0,0.3333333,0.3790323
7,67,0.3870968,0.25,0.75,0,0,0,0.1666667,0.3790323
7,68,0.3870968,0,0.75,0,0,0,0.3333333,0.3790323
7,69,0.3870968,0.3055556,0.75,0,0,0.6666667,0.3333333,0.3790323
7,70,0.3870968,0.25,0.75,0,0,0,0.3333333,0.3790323
7,71,0.3870968,0,0.75,0,0,0,0.3333333,0.3790323
7,72,0.3870968,0,0.75,0,0,0,0.3333333,0.3790323
7,73,0.3870968,0.25,0.75,0,0,1,0.3333333,0.3790323
7,74,0.3870968,0.25,0.75,0,0,0,0.3333333,0.3790323
7,75,0.3870968,0.25,0.75,0,0,0,0.3333333,0.3790323
7,76,0.3870968,0.25,0.75,0,0,0,0.3333333,0.3790323
7,77,0.3870968,0.25,0.75,0,0,0,0.3333333,0.3790323
7,78,0.3870968,0,0.75,0,0,0,0.3333333,0.3790323
7,79,0.3870968,0.25,0.75,0,0,0,0.3333333,0.3790323
7,80,0.3870968,0.25,0.75,0,0,1,0.3333333,0.3790323
7,81,0.3870968,0.25,0.75,0,0,0,0.1190476,0.3790323
7,82,0.3870968,0.25,0.75,0,0,0,0.3333333,0.3790323
7,83,0.3870968,0.3611111,0.75,0,0,0.6666667,0.3333333,0.3790323
7,84,0.3870968,0.25,0.75,0,0,0,0.3333333,0.3790323
7,85,0.3870968,0,0.75,0,0,0,0.3333333,0.3790323
7,86,0.3870968,0.25,0.75,0,0,1,0.3333333,0.3790323
7,87,0.3870968,0.25,0.75,0,0,1,0.3333333,0.3790323
7,88,0.3870968,0,0.75,0,0,0,0.3333333,0.3790323
7,89,0.4516129,0,0.625,0,0.08333334,0,0.02380952,0.3866487
7,90,0.4193548,0.25,0.75,0,0,0,0.3333333,0.3897849
7,91,0.4193548,0.3611111,0.75,0,0,0.75,0.02380952,0.3897849
7,92,0.4193548,0.25,0.75,0,0,0,0.0952381,0.3897849
7,93,0.4193548,0.05555556,0.75,1,0,0,0.0952381,0.3897849
7,94,0.4193548,0.25,0.75,0,0,0,0.04761905,0.3897849
7,95,0.4193548,0,0.75,0,0,0,0.04761905,0.3897849
7,96,0.4193548,0.25,0.75,0,0,0,0.04761905,0.3897849
7,97,0.4193548,0.25,0.75,0,0,0,0.02380952,0.3897849
7,98,0.4193548,0.3611111,0.75,0,0,0.75,0.02380952,0.3897849
7,99,0.4193548,0,0.75,0,0,0,0.0952381,0.3897849
8,0,0.3870968,0,0.75,0,0,0,0.3333333,0.3790323
8,1,0.3870968,0,0.75,0,0,0,0.3333333,0.3790323
8,2,0.3870968,0,0.625,0,0.125,0,0.1904762,0.3790323
8,3,0.3870968,0.3611111,0.625,0,0.125,0.6666667,0.1904762,0.3790323
8,4,0.3870968,0.25,0.75,0,0,0,0.3333333,0.3790323
8,5,0.3870968,0.25,0.75,0,0,0,0.3333333,0.3790323
8,6,0.3870968,0,0.75,0,0,0,0.3095238,0.3790323
8,7,0.3870968,0.25,0.75,0,0,0,0.3333333,0.3790323
8,8,0.3870968,0,0.75,0,0,0,0.3333333,0.3790323
8,9,0.3870968,0.2222222,0.75,1,0,0,0.3333333,0.3790323
8,10,0.3870968,0.25,0.75,0,0,0,0.3333333,0.3790323
8,11,0.3870968,0,0.75,0,0,0,0.3333333,0.3790323
8,12,0.3870968,0,0.75,0,0,0,0.3333333,0.3790323
8,13,0.3870968,0,0.625,0,0.125,0,0.1428571,0.3790323
8,14,0.3870968,0,0.75,0,0,0,0.1666667,0.3790323
8,15,0.3870968,0.25,0.75,0,0,0,0.1666667,0.3790323
8,16,0.3870968,0.25,0.75,0,0,0.6666667,0.3333333,0.3790323
8,17,0.3870968,0,0.75,0,0,0,0.3333333,0.3790323
8,18,0.3870968,0.25,0.75,0,0,0,0.3333333,0.3790323
8,19,0.3870968,0,0.75,0,0,0,0.3333333,0.3790323
8,20,0.3870968,0,0.75,0,0,0,0.3333333,0.3790323
8,21,0.3870968,0,0.75,0,0,0,0.3333333,0.3790323
8,22,0.3870968,0.2222222,0.75,1,0,0,0.3333333,0.3790323
8,23,0.3870968,0,0.75,1,0,0,0.3333333,0.3790323
8,24,0.3870968,0,0.75,0,0,0,0.3333333,0.3790323
8,25,0.3870968,0.25,0.75,0,0,0,0.3333333,0.3790323
8,26,0.3870968,0.25,0.75,0,0,0,0.3333333,0.3790323
8,27,0.3870968,0.25,0.75,0,0,0,0.3333333,0.3790323
8,28,0.3870968,0,0.75,0,0,0,0.3333333,0.3790323
8,29,0.3870968,0,0.75,0,0,0,0.3333333,0.3790323
8,30,0.3870968,0.2777778,0.75,1,0,0,0.3333333,0.3790323
8,31,0.3870968,0,0.75,0,0,0,0.3333333,0.3790323
8,32,0.3870968,0,0.75,0,0,0,0.3333333,0.3790323
8,33,0.3870968,0.25,0.625,0,0.125,0,0.1904762,0.3790323
8,34,0.3870968,0.25,0.75,0,0,0,0.3333333,0.3790323
8,35,0.3870968,0,0.75,0,0,0,0.3333333,0.3790323
8,36,0.3870968,0,0.75,0,0,0,0.3333333,0.3790323
8,37,0.3870968,0.3055556,0.75,0,0,0.6666667,0.3333333,0.3790323
8,38,0.3870968,0.25,0.75,0,0,0,0.3333333,0.3790323
8,39,0.3870968,0,0.75,0,0,0,0.3333333,0.3790323
8,40,0.3870968,0.25,0.75,0,0,0,0.3333333,0.3790323
8,41,0.3870968,0,0.75,0,0,0,0.04761905,0.3790323
8,42,0.3870968,0.05555556,0.75,1,0,0,0.3333333,0.3790323
8,43,0.3870968,0.25,0.75,0,0,1,0.1666667,0.3790323
8,44,0.3870968,0,0.75,0,0,0,0.3333333,0.3790323
8,45,0.3870968,0,0.75,0,0,0,0.3333333,0.3790323
8,46,0.3870968,0,0.5,0,0.25,0,0.3333333,0.3790323
8,47,0.3870968,0,0.75,0,0,0,0.1190476,0.3790323
8,48,0.3870968,0.25,0.75,0,0,0,0.3333333,0.3790323
8,49,0.3870968,0.25,0.75,0,0,0,0.3333333,0.3790323
8,50,0.3870968,0.3611111,0.75,0,0,0.6666667,0.3095238,0.3790323
8,51,0.3870968,0,0.75,0,0,0,0.3333333,0.3790323
8,52,0.3870968,0,0.75,0,0,0,0.3333333,0.3790323
8,53,0.3870968,0,0.75,0,0,0,0.3333333,0.3790323
8,54,0.3870968,0,0.75,0,0,0,0.3333333,0.3790323
8,55,0.3870968,0.25,0.75,0,0,0,0.3333333,0.3790323
8,56,0.3870968,0.25,0.75,0,0,0,0.1666667,0.3790323
8,57,0.3870968,0,0.75,0,0,0,0.3333333,0.3790323
8,58,0.3870968,0.3055556,0.75,0,0,0.6666667,0.3333333,0.3790323
8,59,0.3870968,0.25,0.75,0,0,0,0.3333333,0.3790323
8,60,0.3870968,0,0.75,0,0,0,0.3333333,0.3790323
8,61,0.3870968,0,0.75,0,0,0,0.3333333,0.3790323
8,62,0.3870968,0.25,0.75,0,0,1,0.3333333,0.3790323
8,63,0.3870968,0.25,0.75,0,0,0,0.3333333,0.3790323
8,64,0.3870968,0.25,0.75,0,0,0,0.3333333,0.3790323
8,65,0.3870968,0.25,0.75,0,0,0,0.3333333,0.3790323
8,66,0.3870968,0.25,0.75,0,0,0,0.3333333,0.3790323
8,67,0.3870968,0,0.75,0,0,0,0.3333333,0.3790323
8,68,0.3870968,0.25,0.75,0,0,0,0.3333333,0.3790323
8,69,0.3870968,0.25,0.75,0,0,1,0.3333333,0.3790323
8,70,0.3870968,0.25,0.75,0,0,0,0.1190476,0.3790323
8,71,0.3870968,0.25,0.75,0,0,0,0.3333333,0.3790323
8,72,0.3870968,0.3611111,0.75,0,0,0.6666667,0.3333333,0.3790323
8,73,0.3870968,0.25,0.75,0,0,0,0.3333333,0.3790323
8,74,0.3870968,0,0.75,0,0,0,0.3333333,0.3790323
8,75,0.3870968,0.25,0.75,0,0,1,0.3333333,0.3790323
8,76,0.3870968,0.25,0.75,0,0,1,0.3333333,0.3790323
8,77,0.3870968,0,0.75,0,0,0,0.3333333,0.3790323
8,78,0.4516129,0,0.625,0,0.08333334,0,0.02380952,0.3866487
8,79,0.4193548,0.25,0.75,0,0,0,0.02380952,0.3897849
8,80,0.4193548,0,0.75,0,0,0,0.3333333,0.3897849
8,81,0.4193548,0,0.75,0,0,0,0.04761905,0.3897849
8,82,0.4193548,0.2222222,0.75,1,0,0,0.04761905,0.3897849
8,83,0.4193548,0.25,0.75,0,0,0,0.04761905,0.3897849
8,84,0.4193548,0,0.75,0,0,0,0.0952381,0.3897849
8,85,0.4193548,0.25,0.75,0,0,0,0.1190476,0.3897849
8,86,0.4193548,0.25,0.75,0,0,0,0.04761905,0.3897849
8,87,0.4193548,0.25,0.75,0,0,0,0.04761905,0.3897849
8,88,0.4193548,0,0.75,0,0,0,0.04761905,0.3897849
8,89,0.4193548,0.25,0.75,0,0,0,0.3333333,0.3897849
8,90,0.4193548,0.3611111,0.75,0,0,0.75,0.02380952,0.3897849
8,91,0.4193548,0.25,0.75,0,0,0,0.0952381,0.3897849
8,92,0.4193548,0.05555556,0.75,1,0,0,0.0952381,0.3897849
8,93,0.4193548,0.25,0.75,0,0,0,0.04761905,0.3897849
8,94,0.4193548,0,0.75,0,0,0,0.04761905,0.3897849
8,95,0.4193548,0.25,0.75,0,0,0,0.04761905,0.3897849
8,96,0.4193548,0.25,0.75,0,0,0,0.02380952,0.3897849
8,97,0.4193548,0.3611111,0.75,0,0,0.75,0.02380952,0.3897849
8,98,0.4193548,0,0.75,0,0,0,0.0952381,0.3897849
8,99,0.4516129,0,0.75,0,0,0,0.07142857,0.4005376
9,0,0.3870968,0,0.75,0,0,0,0.1666667,0.3790323
9,1,0.3870968,0.25,0.75,0,0,0,0.1666667,0.3790323
9,2,0.3870968,0.25,0.75,0,0,0.6666667,0.3333333,0.3790323
9,3,0.3870968,0,0.75,0,0,0,0.3333333,0.3790323
9,4,0.3870968,0.25,0.75,0,0,0,0.3333333,0.3790323
9,5,0.3870968,0,0.75,0,0,0,0.3333333,0.3790323
9,6,0.3870968,0,0.75,0,0,0,0.3333333,0.3790323
9,7,0.3870968,0,0.75,0,0,0,0.3333333,0.3790323
9,8,0.3870968,0.2222222,0.75,1,0,0,0.3333333,0.3790323
9,9,0.3870968,0,0.75,1,0,0,0.3333333,0.3790323
9,10,0.3870968,0,0.75,0,0,0,0.3333333,0.3790323
9,11,0.3870968,0.25,0.75,0,0,0,0.3333333,0.3790323
9,12,0.3870968,0.25,0.75,0,0,0,0.3333333,0.3790323
9,13,0.3870968,0.25,0.75,0,0,0,0.3333333,0.3790323
9,14,0.3870968,0,0.75,0,0,0,0.3333333,0.3790323
9,15,0.3870968,0,0.75,0,0,0,0.3333333,0.3790323
9,16,0.3870968,0.2777778,0.75,1,0,0,0.3333333,0.3790323
9,17,0.3870968,0,0.75,0,0,0,0.3333333,0.3790323
9,18,0.3870968,0,0.75,0,0,0,0.3333333,0.3790323
9,19,0.3870968,0.25,0.625,0,0.125,0,0.1904762,0.3790323
9,20,0.3870968,0.25,0.75,0,0,0,0.3333333,0.3790323
9,21,0.3870968,0,0.75,0,0,0,0.3333333,0.3790323
9,22,0.3870968,0,0.75,0,0,0,0.3333333,0.3790323
9,23,0.3870968,0.3055556,0.75,0,0,0.6666667,0.3333333,0.3790323
9,24,0.3870968,0.25,0.75,0,0,0,0.3333333,0.3790323
9,25,0.3870968,0,0.75,0,0,0,0.3333333,0.3790323
9,26,0.3870968,0.25,0.75,0,0,0,0.3333333,0.3790323
9,27,0.3870968,0,0.75,0,0,0,0.04761905,0.3790323
9,28,0.3870968,0.05555556,0.75,1,0,0,0.3333333,0.3790323
9,29,0.3870968,0.25,0.75,0,0,1,0.1666667,0.3790323
9,30,0.3870968,0,0.75,0,0,0,0.3333333,0.3790323
9,31,0.3870968,0,0.75,0,0,0,0.3333333,0.3790323
9,32,0.3870968,0,0.5,0,0.25,0,0.3333333,0.3790323
9,33,0.3870968,0,0.75,0,0,0,0.1190476,0.3790323
9,34,0.3870968,0.25,0.75,0,0,0,0.3333333,0.3790323
9,35,0.3870968,0.25,0.75,0,0,0,0.3333333,0.3790323
9,36,0.3870968,0.3611111,0.75,0,0,0.6666667,0.3095238,0.3790323
9,37,0.3870968,0,0.75,0,0,0,0.3333333,0.3790323
9,38,0.3870968,0,0.75,0,0,0,0.3333333,0.3790323
9,39,0.3870968,0,0.75,0,0,0,0.3333333,0.3790323
9,40,0.3870968,0,0.75,0,0,0,0.3333333,0.3790323
9,41,0.3870968,0.25,0.75,0,0,0,0.3333333,0.3790323
9,42,0.3870968,0.25,0.75,0,0,0,0.1666667,0.3790323
9,43,0.3870968,0,0.75,0,0,0,0.3333333,0.3790323
9,44,0.3870968,0.3055556,0.75,0,0,0.6666667,0.3333333,0.3790323
9,45,0.3870968,0.25,0.75,0,0,0,0.3333333,0.3790323
9,46,0.3870968,0,0.75,0,0,0,0.3333333,0.3790323
9,47,0.3870968,0,0.75,0,0,0,0.3333333,0.3790323
9,48,0.3870968,0.25,0.75,0,0,1,0.3333333,0.3790323
9,49,0.3870968,0.25,0.75,0,0,0,0.3333333,0.3790323
9,50,0.3870968,0.25,0.75,0,0,0,0.3333333,0.3790323
9,51,0.3870968,0.25,0.75,0,0,0,0.3333333,0.3790323
9,52,0.3870968,0.25,0.75,0,0,0,0.3333333,0.3790323
9,53,0.3870968,0,0.75,0,0,0,0.3333333,0.3790323
9,54,0.3870968,0.25,0.75,0,0,0,0.3333333,0.3790323
9,55,0.3870968,0.25,0.75,0,0,1,0.3333333,0.3790323
9,56,0.3870968,0.25,0.75,0,0,0,0.1190476,0.3790323
9,57,0.3870968,0.25,0.75,0,0,0,0.3333333,0.3790323
9,58,0.3870968,0.3611111,0.75,0,0,0.6666667,0.3333333,0.3790323
9,59,0.3870968,0.25,0.75,0,0,0,0.3333333,0.3790323
9,60,0.3870968,0,0.75,0,0,0,0.3333333,0.3790323
9,61,0.3870968,0.25,0.75,0,0,1,0.3333333,0.3790323
9,62,0.3870968,0.25,0.75,0,0,1,0.3333333,0.3790323
9,63,0.3870968,0,0.75,0,0,0,0.3333333,0.3790323
9,64,0.4516129,0.2777778,0.625,1,0.0625,0,0.3333333,0.3797043
9,65,0.4516129,0.3611111,0.625,0,0.08333334,0,0.02380952,0.3866487
9,66,0.4516129,0,0.625,0,0.08333334,0,0.02380952,0.3866487
9,67,0.4193548,0,0.75,0,0,0,0.3333333,0.3897849
9,68,0.4193548,0.25,0.75,0,0,0,0.1666667,0.3897849
9,69,0.4193548,0.1666667,0.75,1,0,0,0.04761905,0.3897849
9,70,0.4193548,0,0.75,0,0,0,0.04761905,0.3897849
9,71,0.4193548,0,0.75,0,0,0,0.04761905,0.3897849
9,72,0.4193548,0.2222222,0.75,1,0,0,0.04761905,0.3897849
9,73,0.4193548,0.25,0.75,0,0,0,0.3333333,0.3897849
9,74,0.4193548,0.25,0.75,0,0,0,0.3333333,0.3897849
9,75,0.4193548,0.2222222,0.75,1,0,0,0.04761905,0.3897849
9,76,0.4193548,0.25,0.75,0,0,0,0.02380952,0.3897849
9,77,0.4193548,0.25,0.75,0,0,0,0.02380952,0.3897849
9,78,0.4193548,0,0.75,0,0,0,0.04761905,0.3897849
9,79,0.4193548,0.25,0.75,0,0,0,0.02380952,0.3897849
9,80,0.4193548,0,0.75,0,0,0,0.3333333,0.3897849
9,81,0.4193548,0,0.75,0,0,0,0.04761905,0.3897849
9,82,0.4193548,0.2222222,0.75,1,0,0,0.04761905,0.3897849
9,83,0.4193548,0.25,0.75,0,0,0,0.04761905,0.3897849
9,84,0.4193548,0,0.75,0,0,0,0.0952381,0.3897849
9,85,0.4193548,0.25,0.75,0,0,0,0.1190476,0.3897849
9,86,0.4193548,0.25,0.75,0,0,0,0.04761905,0.3897849
9,87,0.4193548,0.25,0.75,0,0,0,0.04761905,0.3897849
9,88,0.4193548,0,0.75,0,0,0,0.04761905,0.3897849
9,89,0.4193548,0.25,0.75,0,0,0,0.3333333,0.3897849
9,90,0.4193548,0.3611111,0.75,0,0,0.75,0.02380952,0.3897849
9,91,0.4193548,0.25,0.75,0,0,0,0.0952381,0.3897849
9,92,0.4193548,0.05555556,0.75,1,0,0,0.0952381,0.3897849
9,93,0.4193548,0.25,0.75,0,0,0,0.04761905,0.3897849
9,94,0.4193548,0,0.75,0,0,0,0.04761905,0.3897849
9,95,0.4193548,0.25,0.75,0,0,0,0.04761905,0.3897849
9,96,0.4193548,0.25,0.75,0,0,0,0.02380952,0.3897849
9,97,0.4193548,0.3611111,0.75,0,0,0.75,0.02380952,0.3897849
9,98,0.4193548,0,0.75,0,0,0,0.0952381,0.3897849
9,99,0.4516129,0,0.75,0,0,0,0.07142857,0.4005376
10,0,0.3870968,0,0.75,0,0,0,0.3333333,0.3790323
10,1,0.3870968,0,0.75,0,0,0,0.3333333,0.3790323
10,2,0.3870968,0,0.5,0,0.25,0,0.3333333,0.3790323
10,3,0.3870968,0,0.75,0,0,0,0.1190476,0.3790323
10,4,0.3870968,0.25,0.75,0,0,0,0.3333333,0.3790323
10,5,0.3870968,0.25,0.75,0,0,0,0.3333333,0.3790323
10,6,0.3870968,0.3611111,0.75,0,0,0.6666667,0.3095238,0.3790323
10,7,0.3870968,0,0.75,0,0,0,0.3333333,0.3790323
10,8,0.3870968,0,0.75,0,0,0,0.3333333,0.3790323
10,9,0.3870968,0,0.75,0,0,0,0.3333333,0.3790323
10,10,0.3870968,0,0.75,0,0,0,0.3333333,0.3790323
10,11,0.3870968,0.25,0.75,0,0,0,0.3333333,0.3790323
10,12,0.3870968,0.25,0.75,0,0,0,0.1666667,0.3790323
10,13,0.3870968,0,0.75,0,0,0,0.3333333,0.3790323
10,14,0.3870968,0.3055556,0.75,0,0,0.6666667,0.3333333,0.3790323
10,15,0.3870968,0.25,0.75,0,0,0,0.3333333,0.3790323
10,16,0.3870968,0,0.75,0,0,0,0.3333333,0.3790323
10,17,0.3870968,0,0.75,0,0,0,0.3333333,0.3790323
10,18,0.3870968,0.25,0.75,0,0,1,0.3333333,0.3790323
10,19,0.3870968,0.25,0.75,0,0,0,0.3333333,0.3790323
10,20,0.3870968,0.25,0.75,0,0,0,0.3333333,0.3790323
10,21,0.3870968,0.25,0.75,0,0,0,0.3333333,0.3790323
10,22,0.3870968,0.25,0.75,0,0,0,0.3333333,0.3790323
10,23,0.3870968,0,0.75,0,0,0,0.3333333,0.3790323
10,24,0.3870968,0.25,0.75,0,0,0,0.3333333,0.3790323
10,25,0.3870968,0.25,0.75,0,0,1,0.3333333,0.3790323
10,26,0.3870968,0.25,0.75,0,0,0,0.1190476,0.3790323
10,27,0.3870968,0.25,0.75,0,0,0,0.3333333,0.3790323
10,28,0.3870968,0.3611111,0.75,0,0,0.6666667,0.3333333,0.3790323
10,29,0.3870968,0.25,0.75,0,0,0,0.3333333,0.3790323
10,30,0.3870968,0,0.75,0,0,0,0.3333333,0.3790323
10,31,0.3870968,0.25,0.75,0,0,1,0.3333333,0.3790323
10,32,0.3870968,0.25,0.75,0,0,1,0.3333333,0.3790323
10,33,0.3870968,0,0.75,0,0,0,0.3333333,0.3790323
10,34,0.4516129,0,0.625,0,0.0625,0,0.3333333,0.3797043
10,35,0.4516129,0.2777778,0.625,1,0.0625,0,0.3333333,0.3797043
10,36,0.4516129,0.25,0.625,0,0.08333334,0,0.02380952,0.3866487
10,37,0.4516129,0.25,0.625,0,0.08333334,0,0.02380952,0.3866487
10,38,0.4516129,0.3611111,0.625,0,0.08333334,0,0.02380952,0.3866487
10,39,0.4516129,0,0.625,0,0.08333334,0,0.02380952,0.3866487
10,40,0.4193548,0.25,0.75,0,0,0,0.1666667,0.3897849
10,41,0.4193548,0.25,0.75,0,0,0,0.04761905,0.3897849
10,42,0.4193548,0.25,0.75,0,0,0,0.3333333,0.3897849
10,43,0.4193548,0.25,0.75,0,0,0,0.02380952,0.3897849
10,44,0.4193548,0.3611111,0.75,0,0,0.6666667,0.04761905,0.3897849
10,45,0.4193548,0.3333333,0.75,1,0,0,0.0952381,0.3897849
10,46,0.4193548,0,0.75,0,0,0,0.04761905,0.3897849
10,47,0.4193548,0,0.75,0,0,0,0.04761905,0.3897849
10,48,0.4193548,0.25,0.75,0,0,0,0.04761905,0.3897849
10,49,0.4193548,0,0.75,0,0,0,0.3333333,0.3897849
10,50,0.4193548,0.4166667,0.75,0,0,0.75,0.02380952,0.3897849
10,51,0.4193548,0,0.75,0,0,0,0.3333333,0.3897849
10,52,0.4193548,0.25,0.75,0,0,0,0.04761905,0.3897849
10,53,0.4193548,0.25,0.75,0,0,0,0.04761905,0.3897849
10,54,0.4193548,0.25,0.75,0,0,0,0.04761905,0.3897849
10,55,0.4193548,0,0.75,1,0,0,0.04761905,0.3897849
10,56,0.4193548,0.25,0.75,0,0,0,0.04761905,0.3897849
10,57,0.4193548,0.25,0.75,0,0,0,0.02380952,0.3897849
10,58,0.4193548,0,0.75,0,0,0,0.3333333,0.3897849
10,59,0.4193548,0.25,0.75,0,0,0,0.1666667,0.3897849
10,60,0.4193548,0,0.75,0,0,0,0.1666667,0.3897849
10,61,0.4193548,0,0.75,0,0,0,0.04761905,0.3897849
10,62,0.4193548,0.25,0.75,0,0,0,0.02380952,0.3897849
10,63,0.4193548,0.25,0.75,0,0,0,0.3333333,0.3897849
10,64,0.4193548,0,0.75,0,0,0,0.04761905,0.3897849
10,65,0.4193548,0,0.75,0,0,0,0.04761905,0.3897849
10,66,0.4193548,0,0.75,0,0,0,0.02380952,0.3897849
10,67,0.4193548,0,0.75,0,0,0,0.3333333,0.3897849
10,68,0.4193548,0.25,0.75,0,0,0,0.1666667,0.3897849
10,69,0.4193548,0.1666667,0.75,1,0,0,0.04761905,0.3897849
10,70,0.4193548,0,0.75,0,0,0,0.04761905,0.3897849
10,71,0.4193548,0,0.75,0,0,0,0.04761905,0.3897849
10,72,0.4193548,0.2222222,0.75,1,0,0,0.04761905,0.3897849
10,73,0.4193548,0.25,0.75,0,0,0,0.3333333,0.3897849
10,74,0.4193548,0.25,0.75,0,0,0,0.3333333,0.3897849
10,75,0.4193548,0.2222222,0.75,1,0,0,0.04761905,0.3897849
10,76,0.4193548,0.25,0.75,0,0,0,0.02380952,0.3897849
10,77,0.4193548,0.25,0.75,0,0,0,0.02380952,0.3897849
10,78,0.4193548,0,0.75,0,0,0,0.04761905,0.3897849
10,79,0.4193548,0.25,0.75,0,0,0,0.02380952,0.3897849
10,80,0.4193548,0,0.75,0,0,0,0.3333333,0.3897849
10,81,0.4193548,0,0.75,0,0,0,0.04761905,0.3897849
10,82,0.4193548,0.2222222,0.75,1,0,0,0.04761905,0.3897849
10,83,0.4193548,0.25,0.75,0,0,0,0.04761905,0.3897849
10,84,0.4193548,0,0.75,0,0,0,0.0952381,0.3897849
10,85,0.4193548,0.25,0.75,0,0,0,0.1190476,0.3897849
10,86,0.4193548,0.25,0.75,0,0,0,0.04761905,0.3897849
10,87,0.4193548,0.25,0.75,0,0,0,0.04761905,0.3897849
10,88,0.4193548,0,0.75,0,0,0,0.04761905,0.3897849
10,89,0.4193548,0.25,0.75,0,0,0,0.3333333,0.3897849
10,90,0.4193548,0.3611111,0.75,0,0,0.75,0.02380952,0.3897849
10,91,0.4193548,0.25,0.75,0,0,0,0.0952381,0.3897849
10,92,0.4193548,0.05555556,0.75,1,0,0,0.0952381,0.3897849
10,93,0.4193548,0.25,0.75,0,0,0,0.04761905,0.3897849
10,94,0.4193548,0,0.75,0,0,0,0.04761905,0.3897849
10,95,0.4193548,0.25,0.75,0,0,0,0.04761905,0.3897849
10,96,0.4193548,0.25,0.75,0,0,0,0.02380952,0.3897849
10,97,0.4193548,0.3611111,0.75,0,0,0.75,0.02380952,0.3897849
10,98,0.4193548,0,0.75,0,0,0,0.0952381,0.3897849
10,99,0.4516129,0,0.75,0,0,0,0.07142857,0.4005376
11,0,0.4516129,0,0.625,0,0.08333334,0,0.02380952,0.3866487
11,1,0.4193548,0,0.75,0,0,0,0.04761905,0.3897849
11,2,0.4193548,0,0.75,0,0,0,0.04761905,0.3897849
11,3,0.4193548,0.25,0.75,0,0,0,0.04761905,0.3897849
11,4,0.4193548,0,0.75,0,0,0,0.04761905,0.3897849
11,5,0.4193548,0.25,0.75,0,0,0,0.3333333,0.3897849
11,6,0.4193548,0.25,0.75,0,0,0,0.1904762,0.3897849
11,7,0.4193548,0,0.75,0,0,0,0.04761905,0.3897849
11,8,0.4193548,0,0.75,1,0,0,0.04761905,0.3897849
11,9,0.4193548,0.4722222,0.75,0,0,0.6666667,0.04761905,0.3897849
11,10,0.4193548,0,0.75,0,0,0,0.02380952,0.3897849
11,11,0.4193548,0.2222222,0.75,1,0,0,0.04761905,0.3897849
11,12,0.4193548,0.1666667,0.75,1,0,0,0.1666667,0.3897849
11,13,0.4193548,0,0.75,0,0,0,0.04761905,0.3897849
11,14,0.4193548,0.3611111,0.75,0,0,0.6666667,0.02380952,0.3897849
11,15,0.4193548,0.1111111,0.75,1,0,0,0.02380952,0.3897849
11,16,0.4193548,0,0.75,0,0,0,0.04761905,0.3897849
11,17,0.4193548,0.25,0.75,0,0,0,0.04761905,0.3897849
11,18,0.4193548,0.4166667,0.75,0,0,0.6666667,0.04761905,0.3897849
11,19,0.4193548,0,0.75,0,0,0,0.04761905,0.3897849
11,20,0.4193548,0.25,0.75,0,0,0,0.3333333,0.3897849
11,21,0.4193548,0.05555556,0.75,1,0,0,0.04761905,0.3897849
11,22,0.4193548,0,0.75,0,0,0,0.04761905,0.3897849
11,23,0.4193548,0,0.75,0,0,0,0.04761905,0.3897849
11,24,0.4193548,0,0.75,0,0,0,0.02380952,0.3897849
11,25,0.4193548,0,0.75,0,0,0,0.04761905,0.3897849
11,26,0.4193548,0,0.75,0,0,0,0.04761905,0.3897849
11,27,0.4193548,0,0.75,0,0,0,0.0952381,0.3897849
11,28,0.4193548,0.25,0.75,0,0,0,0.07142857,0.3897849
11,29,0.4193548,0,0.75,0,0,0,0.04761905,0.3897849
11,30,0.4193548,0,0.75,0,0,0,0.0952381,0.3897849
11,31,0.4193548,0,0.75,0,0,0,0.1190476,0.3897849
11,32,0.4193548,0,0.75,0,0,0,0.04761905,0.3897849
11,33,0.4193548,0.05555556,0.75,1,0,0,0.04761905,0.3897849
11,34,0.4193548,0.2222222,0.75,1,0,0,0.04761905,0.3897849
11,35,0.4193548,0,0.75,0,0,0,0.04761905,0.3897849
11,36,0.4193548,0.25,0.75,0,0,0,0.3333333,0.3897849
11,37,0.4193548,0.2222222,0.75,1,0,0,0.04761905,0.3897849
11,38,0.4193548,0.1111111,0.75,1,0,0,0.02380952,0.3897849
11,39,0.4193548,0.3611111,0.75,0,0,0.75,0.02380952,0.3897849
11,40,0.4193548,0.25,0.75,0,0,0,0.1666667,0.3897849
11,41,0.4193548,0.25,0.75,0,0,0,0.04761905,0.3897849
11,42,0.4193548,0.25,0.75,0,0,0,0.3333333,0.3897849
11,43,0.4193548,0.25,0.75,0,0,0,0.02380952,0.3897849
11,44,0.4193548,0.3611111,0.75,0,0,0.6666667,0.04761905,0.3897849
11,45,0.4193548,0.3333333,0.75,1,0,0,0.0952381,0.3897849
11,46,0.4193548,0,0.75,0,0,0,0.04761905,0.3897849
11,47,0.4193548,0,0.75,0,0,0,0.04761905,0.3897849
11,48,0.4193548,0.25,0.75,0,0,0,0.04761905,0.3897849
11,49,0.4193548,0,0.75,0,0,0,0.3333333,0.3897849
11,50,0.4193548,0.4166667,0.75,0,0,0.75,0.02380952,0.3897849
11,51,0.4193548,0,0.75,0,0,0,0.3333333,0.3897849
11,52,0.4193548,0.25,0.75,0,0,0,0.04761905,0.3897849
11,53,0.4193548,0.25,0.75,0,0,0,0.04761905,0.3897849
11,54,0.4193548,0.25,0.75,0,0,0,0.04761905,0.3897849
11,55,0.4193548,0,0.75,1,0,0,0.04761905,0.3897849
11,56,0.4193548,0.25,0.75,0,0,0,0.04761905,0.3897849
11,57,0.4193548,0.25,0.75,0,0,0,0.02380952,0.3897849
11,58,0.4193548,0,0.75,0,0,0,0.3333333,0.3897849
11,59,0.4193548,0.25,0.75,0,0,0,0.1666667,0.3897849
11,60,0.4193548,0,0.75,0,0,0,0.1666667,0.3897849
11,61,0.4193548,0,0.75,0,0,0,0.04761905,0.3897849
11,62,0.4193548,0.25,0.75,0,0,0,0.02380952,0.3897849
11,63,0.4193548,0.25,0.75,0,0,0,0.3333333,0.3897849
11,64,0.4193548,0,0.75,0,0,0,0.04761905,0.3897849
11,65,0.4193548,0,0.75,0,0,0,0.04761905,0.3897849
11,66,0.4193548,0,0.75,0,0,0,0.02380952,0.3897849
11,67,0.4193548,0,0.75,0,0,0,0.3333333,0.3897849
11,68,0.4193548,0.25,0.75,0,0,0,0.1666667,0.3897849
11,69,0.4193548,0.1666667,0.75,1,0,0,0.04761905,0.3897849
11,70,0.4193548,0,0.75,0,0,0,0.04761905,0.3897849
11,71,0.4193548,0,0.75,0,0,0,0.04761905,0.3897849
11,72,0.4193548,0.2222222,0.75,1,0,0,0.04761905,0.3897849
11,73,0.4193548,0.25,0.75,0,0,0,0.3333333,0.3897849
11,74,0.4193548,0.25,0.75,0,0,0,0.3333333,0.3897849
11,75,0.4193548,0.2222222,0.75,1,0,0,0.04761905,0.3897849
11,76,0.4193548,0.25,0.75,0,0,0,0.02380952,0.3897849
11,77,0.4193548,0.25,0.75,0,0,0,0.02380952,0.3897849
11,78,0.4193548,0,0.75,0,0,0,0.04761905,0.3897849
11,79,0.4193548,0.25,0.75,0,0,0,0.02380952,0.3897849
11,80,0.4193548,0,0.75,0,0,0,0.3333333,0.3897849
11,81,0.4193548,0,0.75,0,0,0,0.04761905,0.3897849
11,82,0.4193548,0.2222222,0.75,1,0,0,0.04761905,0.3897849
11,83,0.4193548,0.25,0.75,0,0,0,0.04761905,0.3897849
11,84,0.4193548,0,0.75,0,0,0,0.0952381,0.3897849
11,85,0.4193548,0.25,0.75,0,0,0,0.1190476,0.3897849
11,86,0.4193548,0.25,0.75,0,0,0,0.04761905,0.3897849
11,87,0.4193548,0.25,0.75,0,0,0,0.04761905,0.3897849
11,88,0.4193548,0,0.75,0,0,0,0.04761905,0.3897849
11,89,0.4193548,0.25,0.75,0,0,0,0.3333333,0.3897849
11,90,0.4193548,0.3611111,0.75,0,0,0.75,0.02380952,0.3897849
11,91,0.4193548,0.25,0.75,0,0,0,0.0952381,0.3897849
11,92,0.4193548,0.05555556,0.75,1,0,0,0.0952381,0.3897849
11,93,0.4193548,0.25,0.75,0,0,0,0.04761905,0.3897849
11,94,0.4193548,0,0.75,0,0,0,0.04761905,0.3897849
11,95,0.4193548,0.25,0.75,0,0,0,0.04761905,0.3897849
11,96,0.4193548,0.25,0.75,0,0,0,0.02380952,0.3897849
11,97,0.4193548,0.3611111,0.75,0,0,0.75,0.02380952,0.3897849
11,98,0.4193548,0,0.75,0,0,0,0.0952381,0.3897849
11,99,0.4516129,0,0.75,0,0,0,0.07142857,0.4005376
12,0,0.4193548,0,0.75,0,0,0,0.04761905,0.3897849
12,1,0.4193548,0,0.75,0,0,0,0.04761905,0.3897849
12,2,0.4193548,0,0.75,0,0,0,0.04761905,0.3897849
12,3,0.4193548,0.25,0.75,0,0,0,0.04761905,0.3897849
12,4,0.4193548,0,0.75,0,0,0,0.04761905,0.3897849
12,5,0.4193548,0.25,0.75,0,0,0,0.3333333,0.3897849
12,6,0.4193548,0.25,0.75,0,0,0,0.1904762,0.3897849
12,7,0.4193548,0,0.75,0,0,0,0.04761905,0.3897849
12,8,0.4193548,0,0.75,1,0,0,0.04761905,0.3897849
12,9,0.4193548,0.4722222,0.75,0,0,0.6666667,0.04761905,0.3897849
12,10,0.4193548,0,0.75,0,0,0,0.02380952,0.3897849
12,11,0.4193548,0.2222222,0.75,1,0,0,0.04761905,0.3897849
12,12,0.4193548,0.1666667,0.75,1,0,0,0.1666667,0.3897849
12,13,0.4193548,0,0.75,0,0,0,0.04761905,0.3897849
12,14,0.4193548,0.3611111,0.75,0,0,0.6666667,0.02380952,0.3897849
12,15,0.4193548,0.1111111,0.75,1,0,0,0.02380952,0.3897849
12,16,0.4193548,0,0.75,0,0,0,0.04761905,0.3897849
12,17,0.4193548,0.25,0.75,0,0,0,0.04761905,0.3897849
12,18,0.4193548,0.4166667,0.75,0,0,0.6666667,0.04761905,0.3897849
12,19,0.4193548,0,0.75,0,0,0,0.04761905,0.3897849
12,20,0.4193548,0.25,0.75,0,0,0,0.3333333,0.3897849
12,21,0.4193548,0.05555556,0.75,1,0,0,0.04761905,0.3897849
12,22,0.4193548,0,0.75,0,0,0,0.04761905,0.3897849
12,23,0.4193548,0,0.75,0,0,0,0.04761905,0.3897849
12,24,0.4193548,0,0.75,0,0,0,0.02380952,0.3897849
12,25,0.4193548,0,0.75,0,0,0,0.04761905,0.3897849
12,26,0.4193548,0,0.75,0,0,0,0.04761905,0.3897849
12,27,0.4193548,0,0.75,0,0,0,0.0952381,0.3897849
12,28,0.4193548,0.25,0.75,0,0,0,0.07142857,0.3897849
12,29,0.4193548,0,0.75,0,0,0,0.04761905,0.3897849
12,30,0.4193548,0,0.75,0,0,0,0.0952381,0.3897849
12,31,0.4193548,0,0.75,0,0,0,0.1190476,0.3897849
12,32,0.4193548,0,0.75,0,0,0,0.04761905,0.3897849
12,33,0.4193548,0.05555556,0.75,1,0,0,0.04761905,0.3897849
12,34,0.4193548,0.2222222,0.75,1,0,0,0.04761905,0.3897849
12,35,0.4193548,0,0.75,0,0,0,0.04761905,0.3897849
12,36,0.4193548,0.25,0.75,0,0,0,0.3333333,0.3897849
12,37,0.4193548,0.2222222,0.75,1,0,0,0.04761905,0.3897849
12,38,0.4193548,0.1111111,0.75,1,0,0,0.02380952,0.3897849
12,39,0.4193548,0.3611111,0.75,0,0,0.75,0.02380952,0.3897849
12,40,0.4193548,0.25,0.75,0,0,0,0.1666667,0.3897849
12,41,0.4193548,0.25,0.75,0,0,0,0.04761905,0.3897849
12,42,0.4193548,0.25,0.75,0,0,0,0.3333333,0.3897849
12,43,0.4193548,0.25,0.75,0,0,0,0.02380952,0.3897849
12,44,0.4193548,0.3611111,0.75,0,0,0.6666667,0.04761905,0.3897849
12,45,0.4193548,0.3333333,0.75,1,0,0,0.0952381,0.3897849
12,46,0.4193548,0,0.75,0,0,0,0.04761905,0.3897849
12,47,0.4193548,0,0.75,0,0,0,0.04761905,0.3897849
12,48,0.4193548,0.25,0.75,0,0,0,0.04761905,0.3897849
12,49,0.4193548,0,0.75,0,0,0,0.3333333,0.3897849
12,50,0.4193548,0.4166667,0.75,0,0,0.75,0.02380952,0.3897849
12,51,0.4193548,0,0.75,0,0,0,0.3333333,0.3897849
12,52,0.4193548,0.25,0.75,0,0,0,0.04761905,0.3897849
12,53,0.4193548,0.25,0.75,0,0,0,0.04761905,0.3897849
12,54,0.4193548,0.25,0.75,0,0,0,0.04761905,0.3897849
12,55,0.4193548,0,0.75,1,0,0,0.04761905,0.3897849
12,56,0.4193548,0.25,0.75,0,0,0,0.04761905,0.3897849
12,57,0.4193548,0.25,0.75,0,0,0,0.02380952,0.3897849
12,58,0.4193548,0,0.75,0,0,0,0.3333333,0.3897849
12,59,0.4193548,0.25,0.75,0,0,0,0.1666667,0.3897849
12,60,0.4193548,0,0.75,0,0,0,0.1666667,0.3897849
12,61,0.4193548,0,0.75,0,0,0,0.04761905,0.3897849
12,62,0.4193548,0.25,0.75,0,0,0,0.02380952,0.3897849
12,63,0.4193548,0.25,0.75,0,0,0,0.3333333,0.3897849
12,64,0.4193548,0,0.75,0,0,0,0.04761905,0.3897849
12,65,0.4193548,0,0.75,0,0,0,0.04761905,0.3897849
12,66,0.4193548,0,0.75,0,0,0,0.02380952,0.3897849
12,67,0.4193548,0,0.75,0,0,0,0.3333333,0.3897849
12,68,0.4193548,0.25,0.75,0,0,0,0.1666667,0.3897849
12,69,0.4193548,0.1666667,0.75,1,0,0,0.04761905,0.3897849
12,70,0.4193548,0,0.75,0,0,0,0.04761905,0.3897849
12,71,0.4193548,0,0.75,0,0,0,0.04761905,0.3897849
12,72,0.4193548,0.2222222,0.75,1,0,0,0.04761905,0.3897849
12,73,0.4193548,0.25,0.75,0,0,0,0.3333333,0.3897849
12,74,0.4193548,0.25,0.75,0,0,0,0.3333333,0.3897849
12,75,0.4193548,0.2222222,0.75,1,0,0,0.04761905,0.3897849
12,76,0.4193548,0.25,0.75,0,0,0,0.02380952,0.3897849
12,77,0.4193548,0.25,0.75,0,0,0,0.02380952,0.3897849
12,78,0.4193548,0,0.75,0,0,0,0.04761905,0.3897849
12,79,0.4193548,0.25,0.75,0,0,0,0.02380952,0.3897849
12,80,0.4193548,0,0.75,0,0,0,0.3333333,0.3897849
12,81,0.4193548,0,0.75,0,0,0,0.04761905,0.3897849
12,82,0.4193548,0.2222222,0.75,1,0,0,0.04761905,0.3897849
12,83,0.4193548,0.25,0.75,0,0,0,0.04761905,0.3897849
12,84,0.4193548,0,0.75,0,0,0,0.0952381,0.3897849
12,85,0.4193548,0.25,0.75,0,0,0,0.1190476,0.3897849
12,86,0.4193548,0.25,0.75,0,0,0,0.04761905,0.3897849
12,87,0.4193548,0.25,0.75,0,0,0,0.04761905,0.3897849
12,88,0.4193548,0,0.75,0,0,0,0.04761905,0.3897849
12,89,0.4193548,0.25,0.75,0,0,0,0.3333333,0.3897849
12,90,0.4193548,0.3611111,0.75,0,0,0.75,0.02380952,0.3897849
12,91,0.4193548,0.25,0.75,0,0,0,0.0952381,0.3897849
12,92,0.4193548,0.05555556,0.75,1,0,0,0.0952381,0.3897849
12,93,0.4193548,0.25,0.75,0,0,0,0.04761905,0.3897849
12,94,0.4193548,0,0.75,0,0,0,0.04761905,0.3897849
12,95,0.4193548,0.25,0.75,0,0,0,0.04761905,0.3897849
12,96,0.4193548,0.25,0.75,0,0,0,0.02380952,0.3897849
12,97,0.4193548,0.3611111,0.75,0,0,0.75,0.02380952,0.3897849
12,98,0.4193548,0,0.75,0,0,0,0.0952381,0.3897849
12,99,0.4516129,0,0.75,0,0,0,0.07142857,0.4005376
13,0,0.4193548,0,0.75,0,0,0,0.04761905,0.3897849
13,1,0.4193548,0,0.75,0,0,0,0.04761905,0.3897849
13,2,0.4193548,0.25,0.75,0,0,0,0.04761905,0.3897849
13,3,0.4193548,0,0.75,0,0,0,0.04761905,0.3897849
13,4,0.4193548,0.25,0.75,0,0,0,0.3333333,0.3897849
13,5,0.4193548,0.25,0.75,0,0,0,0.1904762,0.3897849
13,6,0.4193548,0,0.75,0,0,0,0.04761905,0.3897849
13,7,0.4193548,0,0.75,1,0,0,0.04761905,0.3897849
13,8,0.4193548,0.4722222,0.75,0,0,0.6666667,0.04761905,0.3897849
13,9,0.4193548,0,0.75,0,0,0,0.02380952,0.3897849
13,10,0.4193548,0.2222222,0.75,1,0,0,0.04761905,0.3897849
13,11,0.4193548,0.1666667,0.75,1,0,0,0.1666667,0.3897849
13,12,0.4193548,0,0.75,0,0,0,0.04761905,0.3897849
13,13,0.4193548,0.3611111,0.75,0,0,0.6666667,0.02380952,0.3897849
13,14,0.4193548,0.1111111,0.75,1,0,0,0.02380952,0.3897849
13,15,0.4193548,0,0.75,0,0,0,0.04761905,0.3897849
13,16,0.4193548,0.25,0.75,0,0,0,0.04761905,0.3897849
13,17,0.4193548,0.4166667,0.75,0,0,0.6666667,0.04761905,0.3897849
13,18,0.4193548,0,0.75,0,0,0,0.04761905,0.3897849
13,19,0.4193548,0.25,0.75,0,0,0,0.3333333,0.3897849
13,20,0.4193548,0.05555556,0.75,1,0,0,0.04761905,0.3897849
13,21,0.4193548,0,0.75,0,0,0,0.04761905,0.3897849
13,22,0.4193548,0,0.75,0,0,0,0.04761905,0.3897849
13,23,0.4193548,0,0.75,0,0,0,0.02380952,0.3897849
13,24,0.4193548,0,0.75,0,0,0,0.04761905,0.3897849
13,25,0.4193548,0,0.75,0,0,0,0.04761905,0.3897849
13,26,0.4193548,0,0.75,0,0,0,0.0952381,0.3897849
13,27,0.4193548,0.25,0.75,0,0,0,0.07142857,0.3897849
13,28,0.4193548,0,0.75,0,0,0,0.04761905,0.3897849
13,29,0.4193548,0,0.75,0,0,0,0.0952381,0.3897849
13,30,0.4193548,0,0.75,0,0,0,0.1190476,0.3897849
13,31,0.4193548,0,0.75,0,0,0,0.04761905,0.3897849
13,32,0.4193548,0.05555556,0.75,1,0,0,0.04761905,0.3897849
13,33,0.4193548,0.2222222,0.75,1,0,0,0.04761905,0.3897849
13,34,0.4193548,0,0.75,0,0,0,0.04761905,0.3897849
13,35,0.4193548,0.25,0.75,0,0,0,0.3333333,0.3897849
13,36,0.4193548,0.2222222,0.75,1,0,0,0.04761905,0.3897849
13,37,0.4193548,0.1111111,0.75,1,0,0,0.02380952,0.3897849
13,38,0.4193548,0.3611111,0.75,0,0,0.75,0.02380952,0.3897849
13,39,0.4193548,0.25,0.75,0,0,0,0.1666667,0.3897849
13,40,0.4193548,0.25,0.75,0,0,0,0.04761905,0.3897849
13,41,0.4193548,0.25,0.75,0,0,0,0.3333333,0.3897849
13,42,0.4193548,0.25,0.75,0,0,0,0.02380952,0.3897849
13,43,0.4193548,0.3611111,0.75,0,0,0.6666667,0.04761905,0.3897849
13,44,0.4193548,0.3333333,0.75,1,0,0,0.0952381,0.3897849
13,45,0.4193548,0,0.75,0,0,0,0.04761905,0.3897849
13,46,0.4193548,0,0.75,0,0,0,0.04761905,0.3897849
13,47,0.4193548,0.25,0.75,0,0,0,0.04761905,0.3897849
13,48,0.4193548,0,0.75,0,0,0,0.3333333,0.3897849
13,49,0.4193548,0.4166667,0.75,0,0,0.75,0.02380952,0.3897849
13,50,0.4193548,0,0.75,0,0,0,0.3333333,0.3897849
13,51,0.4193548,0.25,0.75,0,0,0,0.04761905,0.3897849
13,52,0.4193548,0.25,0.75,0,0,0,0.04761905,0.3897849
13,53,0.4193548,0.25,0.75,0,0,0,0.04761905,0.3897849
13,54,0.4193548,0,0.75,1,0,0,0.04761905,0.3897849
13,55,0.4193548,0.25,0.75,0,0,0,0.04761905,0.3897849
13,56,0.4193548,0.25,0.75,0,0,0,0.02380952,0.3897849
13,57,0.4193548,0,0.75,0,0,0,0.3333333,0.3897849
13,58,0.4193548,0.25,0.75,0,0,0,0.1666667,0.3897849
13,59,0.4193548,0,0.75,0,0,0,0.1666667,0.3897849
13,60,0.4193548,0,0.75,0,0,0,0.04761905,0.3897849
13,61,0.4193548,0.25,0.75,0,0,0,0.02380952,0.3897849
13,62,0.4193548,0.25,0.75,0,0,0,0.3333333,0.3897849
13,63,0.4193548,0,0.75,0,0,0,0.04761905,0.3897849
13,64,0.4193548,0,0.75,0,0,0,0.04761905,0.3897849
13,65,0.4193548,0,0.75,0,0,0,0.02380952,0.3897849
13,66,0.4193548,0,0.75,0,0,0,0.3333333,0.3897849
13,67,0.4193548,0.25,0.75,0,0,0,0.1666667,0.3897849
13,68,0.4193548,0.1666667,0.75,1,0,0,0.04761905,0.3897849
13,69,0.4193548,0,0.75,0,0,0,0.04761905,0.3897849
13,70,0.4193548,0,0.75,0,0,0,0.04761905,0.3897849
13,71,0.4193548,0.2222222,0.75,1,0,0,0.04761905,0.3897849
13,72,0.4193548,0.25,0.75,0,0,0,0.3333333,0.3897849
13,73,0.4193548,0.25,0.75,0,0,0,0.3333333,0.3897849
13,74,0.4193548,0.2222222,0.75,1,0,0,0.04761905,0.3897849
13,75,0.4193548,0.25,0.75,0,0,0,0.02380952,0.3897849
13,76,0.4193548,0.25,0.75,0,0,0,0.02380952,0.3897849
13,77,0.4193548,0,0.75,0,0,0,0.04761905,0.3897849
13,78,0.4193548,0.25,0.75,0,0,0,0.02380952,0.3897849
13,79,0.4193548,0,0.75,0,0,0,0.3333333,0.3897849
13,80,0.4193548,0,0.75,0,0,0,0.04761905,0.3897849
13,81,0.4193548,0.2222222,0.75,1,0,0,0.04761905,0.3897849
13,82,0.4193548,0.25,0.75,0,0,0,0.04761905,0.3897849
13,83,0.4193548,0,0.75,0,0,0,0.0952381,0.3897849
13,84,0.4193548,0.25,0.75,0,0,0,0.1190476,0.3897849
13,85,0.4193548,0.25,0.75,0,0,0,0.04761905,0.3897849
13,86,0.4193548,0.25,0.75,0,0,0,0.04761905,0.3897849
13,87,0.4193548,0,0.75,0,0,0,0.04761905,0.3897849
13,88,0.4193548,0.25,0.75,0,0,0,0.3333333,0.3897849
13,89,0.4193548,0.3611111,0.75,0,0,0.75,0.02380952,0.3897849
13,90,0.4193548,0.25,0.75,0,0,0,0.0952381,0.3897849
13,91,0.4193548,0.05555556,0.75,1,0,0,0.0952381,0.3897849
13,92,0.4193548,0.25,0.75,0,0,0,0.04761905,0.3897849
13,93,0.4193548,0,0.75,0,0,0,0.04761905,0.3897849
13,94,0.4193548,0.25,0.75,0,0,0,0.04761905,0.3897849
13,95,0.4193548,0.25,0.75,0,0,0,0.02380952,0.3897849
13,96,0.4193548,0.3611111,0.75,0,0,0.75,0.02380952,0.3897849
13,97,0.4193548,0,0.75,0,0,0,0.0952381,0.3897849
13,98,0.4516129,0.25,0.75,0,0,0,0.07142857,0.4005376
13,99,0.4516129,0,0.75,0,0,0,0.07142857,0.4005376
14,0,0.4193548,0,0.75,0,0,0,0.04761905,0.3897849
14,1,0.4193548,0.25,0.75,0,0,0,0.04761905,0.3897849
14,2,0.4193548,0,0.75,0,0,0,0.04761905,0.3897849
14,3,0.4193548,0.25,0.75,0,0,0,0.3333333,0.3897849
14,4,0.4193548,0.25,0.75,0,0,0,0.1904762,0.3897849
14,5,0.4193548,0,0.75,0,0,0,0.04761905,0.3897849
14,6,0.4193548,0,0.75,1,0,0,0.04761905,0.3897849
14,7,0.4193548,0.4722222,0.75,0,0,0.6666667,0.04761905,0.3897849
14,8,0.4193548,0,0.75,0,0,0,0.02380952,0.3897849
14,9,0.4193548,0.2222222,0.75,1,0,0,0.04761905,0.3897849
14,10,0.4193548,0.1666667,0.75,1,0,0,0.1666667,0.3897849
14,11,0.4193548,0,0.75,0,0,0,0.04761905,0.3897849
14,12,0.4193548,0.3611111,0.75,0,0,0.6666667,0.02380952,0.3897849
14,13,0.4193548,0.1111111,0.75,1,0,0,0.02380952,0.3897849
14,14,0.4193548,0,0.75,0,0,0,0.04761905,0.3897849
14,15,0.4193548,0.25,0.75,0,0,0,0.04761905,0.3897849
14,16,0.4193548,0.4166667,0.75,0,0,0.6666667,0.04761905,0.3897849
14,17,0.4193548,0,0.75,0,0,0,0.04761905,0.3897849
14,18,0.4193548,0.25,0.75,0,0,0,0.3333333,0.3897849
14,19,0.4193548,0.05555556,0.75,1,0,0,0.04761905,0.3897849
14,20,0.4193548,0,0.75,0,0,0,0.04761905,0.3897849
14,21,0.4193548,0,0.75,0,0,0,0.04761905,0.3897849
14,22,0.4193548,0,0.75,0,0,0,0.02380952,0.3897849
14,23,0.4193548,0,0.75,0,0,0,0.04761905,0.3897849
14,24,0.4193548,0,0.75,0,0,0,0.04761905,0.3897849
14,25,0.4193548,0,0.75,0,0,0,0.0952381,0.3897849
14,26,0.4193548,0.25,0.75,0,0,0,0.07142857,0.3897849
14,27,0.4193548,0,0.75,0,0,0,0.04761905,0.3897849
14,28,0.4193548,0,0.75,0,0,0,0.0952381,0.3897849
14,29,0.4193548,0,0.75,0,0,0,0.1190476,0.3897849
14,30,0.4193548,0,0.75,0,0,0,0.04761905,0.3897849
14,31,0.4193548,0.05555556,0.75,1,0,0,0.04761905,0.3897849
14,32,0.4193548,0.2222222,0.75,1,0,0,0.04761905,0.3897849
14,33,0.4193548,0,0.75,0,0,0,0.04761905,0.3897849
14,34,0.4193548,0.25,0.75,0,0,0,0.3333333,0.3897849
14,35,0.4193548,0.2222222,0.75,1,0,0,0.04761905,0.3897849
14,36,0.4193548,0.1111111,0.75,1,0,0,0.02380952,0.3897849
14,37,0.4193548,0.3611111,0.75,0,0,0.75,0.02380952,0.3897849
14,38,0.4193548,0.25,0.75,0,0,0,0.1666667,0.3897849
14,39,0.4193548,0.25,0.75,0,0,0,0.04761905,0.3897849
14,40,0.4193548,0.25,0.75,0,0,0,0.3333333,0.3897849
14,41,0.4193548,0.25,0.75,0,0,0,0.02380952,0.3897849
14,42,0.4193548,0.3611111,0.75,0,0,0.6666667,0.04761905,0.3897849
14,43,0.4193548,0.3333333,0.75,1,0,0,0.0952381,0.3897849
14,44,0.4193548,0,0.75,0,0,0,0.04761905,0.3897849
14,45,0.4193548,0,0.75,0,0,0,0.04761905,0.3897849
14,46,0.4193548,0.25,0.75,0,0,0,0.04761905,0.3897849
14,47,0.4193548,0,0.75,0,0,0,0.3333333,0.3897849
14,48,0.4193548,0.4166667,0.75,0,0,0.75,0.02380952,0.3897849
14,49,0.4193548,0,0.75,0,0,0,0.3333333,0.3897849
14,50,0.4193548,0.25,0.75,0,0,0,0.04761905,0.3897849
14,51,0.4193548,0.25,0.75,0,0,0,0.04761905,0.3897849
14,52,0.4193548,0.25,0.75,0,0,0,0.04761905,0.3897849
14,53,0.4193548,0,0.75,1,0,0,0.04761905,0.3897849
14,54,0.4193548,0.25,0.75,0,0,0,0.04761905,0.3897849
14,55,0.4193548,0.25,0.75,0,0,0,0.02380952,0.3897849
14,56,0.4193548,0,0.75,0,0,0,0.3333333,0.3897849
14,57,0.4193548,0.25,0.75,0,0,0,0.1666667,0.3897849
14,58,0.4193548,0,0.75,0,0,0,0.1666667,0.3897849
14,59,0.4193548,0,0.75,0,0,0,0.04761905,0.3897849
14,60,0.4193548,0.25,0.75,0,0,0,0.02380952,0.3897849
14,61,0.4193548,0.25,0.75,0,0,0,0.3333333,0.3897849
14,62,0.4193548,0,0.75,0,0,0,0.04761905,0.3897849
14,63,0.4193548,0,0.75,0,0,0,0.04761905,0.3897849
14,64,0.4193548,0,0.75,0,0,0,0.02380952,0.3897849
14,65,0.4193548,0,0.75,0,0,0,0.3333333,0.3897849
14,66,0.4193548,0.25,0.75,0,0,0,0.1666667,0.3897849
14,67,0.4193548,0.1666667,0.75,1,0,0,0.04761905,0.3897849
14,68,0.4193548,0,0.75,0,0,0,0.04761905,0.3897849
14,69,0.4193548,0,0.75,0,0,0,0.04761905,0.3897849
14,70,0.4193548,0.2222222,0.75,1,0,0,0.04761905,0.3897849
14,71,0.4193548,0.25,0.75,0,0,0,0.3333333,0.3897849
14,72,0.4193548,0.25,0.75,0,0,0,0.3333333,0.3897849
14,73,0.4193548,0.2222222,0.75,1,0,0,0.04761905,0.3897849
14,74,0.4193548,0.25,0.75,0,0,0,0.02380952,0.3897849
14,75,0.4193548,0.25,0.75,0,0,0,0.02380952,0.3897849
14,76,0.4193548,0,0.75,0,0,0,0.04761905,0.3897849
14,77,0.4193548,0.25,0.75,0,0,0,0.02380952,0.3897849
14,78,0.4193548,0,0.75,0,0,0,0.3333333,0.3897849
14,79,0.4193548,0,0.75,0,0,0,0.04761905,0.3897849
14,80,0.4193548,0.2222222,0.75,1,0,0,0.04761905,0.3897849
14,81,0.4193548,0.25,0.75,0,0,0,0.04761905,0.3897849
14,82,0.4193548,0,0.75,0,0,0,0.0952381,0.3897849
14,83,0.4193548,0.25,0.75,0,0,0,0.1190476,0.3897849
14,84,0.4193548,0.25,0.75,0,0,0,0.04761905,0.3897849
14,85,0.4193548,0.25,0.75,0,0,0,0.04761905,0.3897849
14,86,0.4193548,0,0.75,0,0,0,0.04761905,0.3897849
14,87,0.4193548,0.25,0.75,0,0,0,0.3333333,0.3897849
14,88,0.4193548,0.3611111,0.75,0,0,0.75,0.02380952,0.3897849
14,89,0.4193548,0.25,0.75,0,0,0,0.0952381,0.3897849
14,90,0.4193548,0.05555556,0.75,1,0,0,0.0952381,0.3897849
14,91,0.4193548,0.25,0.75,0,0,0,0.04761905,0.3897849
14,92,0.4193548,0,0.75,0,0,0,0.04761905,0.3897849
14,93,0.4193548,0.25,0.75,0,0,0,0.04761905,0.3897849
14,94,0.4193548,0.25,0.75,0,0,0,0.02380952,0.3897849
14,95,0.4193548,0.3611111,0.75,0,0,0.75,0.02380952,0.3897849
14,96,0.4193548,0,0.75,0,0,0,0.0952381,0.3897849
14,97,0.4516129,0,0.75,0,0,0,0.07142857,0.4005376
14,98,0.4516129,0.25,0.75,0,0,0,0.07142857,0.4005376
14,99,0.4516129,0,0.75,0,0,0,0.07142857,0.4005376
15,0,0.4193548,0.25,0.75,0,0,0,0.3333333,0.3897849
15,1,0.4193548,0.25,0.75,0,0,0,0.1904762,0.3897849
15,2,0.4193548,0,0.75,0,0,0,0.04761905,0.3897849
15,3,0.4193548,0,0.75,1,0,0,0.04761905,0.3897849
15,4,0.4193548,0.4722222,0.75,0,0,0.6666667,0.04761905,0.3897849
15,5,0.4193548,0,0.75,0,0,0,0.02380952,0.3897849
15,6,0.4193548,0.2222222,0.75,1,0,0,0.04761905,0.3897849
15,7,0.4193548,0.1666667,0.75,1,0,0,0.1666667,0.3897849
15,8,0.4193548,0,0.75,0,0,0,0.04761905,0.3897849
15,9,0.4193548,0.3611111,0.75,0,0,0.6666667,0.02380952,0.3897849
15,10,0.4193548,0.1111111,0.75,1,0,0,0.02380952,0.3897849
15,11,0.4193548,0,0.75,0,0,0,0.04761905,0.3897849
15,12,0.4193548,0.25,0.75,0,0,0,0.04761905,0.3897849
15,13,0.4193548,0.4166667,0.75,0,0,0.6666667,0.04761905,0.3897849
15,14,0.4193548,0,0.75,0,0,0,0.04761905,0.3897849
15,15,0.4193548,0.25,0.75,0,0,0,0.3333333,0.3897849
15,16,0.4193548,0.05555556,0.75,1,0,0,0.04761905,0.3897849
15,17,0.4193548,0,0.75,0,0,0,0.04761905,0.3897849
15,18,0.4193548,0,0.75,0,0,0,0.04761905,0.3897849
15,19,0.4193548,0,0.75,0,0,0,0.02380952,0.3897849
15,20,0.4193548,0,0.75,0,0,0,0.04761905,0.3897849
15,21,0.4193548,0,0.75,0,0,0,0.04761905,0.3897849
15,22,0.4193548,0,0.75,0,0,0,0.0952381,0.3897849
15,23,0.4193548,0.25,0.75,0,0,0,0.07142857,0.3897849
15,24,0.4193548,0,0.75,0,0,0,0.04761905,0.3897849
15,25,0.4193548,0,0.75,0,0,0,0.0952381,0.3897849
15,26,0.4193548,0,0.75,0,0,0,0.1190476,0.3897849
15,27,0.4193548,0,0.75,0,0,0,0.04761905,0.3897849
15,28,0.4193548,0.05555556,0.75,1,0,0,0.04761905,0.3897849
15,29,0.4193548,0.2222222,0.75,1,0,0,0.04761905,0.3897849
15,30,0.4193548,0,0.75,0,0,0,0.04761905,0.3897849
15,31,0.4193548,0.25,0.75,0,0,0,0.3333333,0.3897849
15,32,0.4193548,0.2222222,0.75,1,0,0,0.04761905,0.3897849
15,33,0.4193548,0.1111111,0.75,1,0,0,0.02380952,0.3897849
15,34,0.4193548,0.3611111,0.75,0,0,0.75,0.02380952,0.3897849
15,35,0.4193548,0.25,0.75,0,0,0,0.1666667,0.3897849
15,36,0.4193548,0.25,0.75,0,0,0,0.04761905,0.3897849
15,37,0.4193548,0.25,0.75,0,0,0,0.3333333,0.3897849
15,38,0.4193548,0.25,0.75,0,0,0,0.02380952,0.3897849
15,39,0.4193548,0.3611111,0.75,0,0,0.6666667,0.04761905,0.3897849
15,40,0.4193548,0.3333333,0.75,1,0,0,0.0952381,0.3897849
15,41,0.4193548,0,0.75,0,0,0,0.04761905,0.3897849
15,42,0.4193548,0,0.75,0,0,0,0.04761905,0.3897849
15,43,0.4193548,0.25,0.75,0,0,0,0.04761905,0.3897849
15,44,0.4193548,0,0.75,0,0,0,0.3333333,0.3897849
15,45,0.4193548,0.4166667,0.75,0,0,0.75,0.02380952,0.3897849
15,46,0.4193548,0,0.75,0,0,0,0.3333333,0.3897849
15,47,0.4193548,0.25,0.75,0,0,0,0.04761905,0.3897849
15,48,0.4193548,0.25,0.75,0,0,0,0.04761905,0.3897849
15,49,0.4193548,0.25,0.75,0,0,0,0.04761905,0.3897849
15,50,0.4193548,0,0.75,1,0,0,0.04761905,0.3897849
15,51,0.4193548,0.25,0.75,0,0,0,0.04761905,0.3897849
15,52,0.4193548,0.25,0.75,0,0,0,0.02380952,0.3897849
15,53,0.4193548,0,0.75,0,0,0,0.3333333,0.3897849
15,54,0.4193548,0.25,0.75,0,0,0,0.1666667,0.3897849
15,55,0.4193548,0,0.75,0,0,0,0.1666667,0.3897849
15,56,0.4193548,0,0.75,0,0,0,0.04761905,0.3897849
15,57,0.4193548,0.25,0.75,0,0,0,0.02380952,0.3897849
15,58,0.4193548,0.25,0.75,0,0,0,0.3333333,0.3897849
15,59,0.4193548,0,0.75,0,0,0,0.04761905,0.3897849
15,60,0.4193548,0,0.75,0,0,0,0.04761905,0.3897849
15,61,0.4193548,0,0.75,0,0,0,0.02380952,0.3897849
15,62,0.4193548,0,0.75,0,0,0,0.3333333,0.3897849
15,63,0.4193548,0.25,0.75,0,0,0,0.1666667,0.3897849
15,64,0.4193548,0.1666667,0.75,1,0,0,0.04761905,0.3897849
15,65,0.4193548,0,0.75,0,0,0,0.04761905,0.3897849
15,66,0.4193548,0,0.75,0,0,0,0.04761905,0.3897849
15,67,0.4193548,0.2222222,0.75,1,0,0,0.04761905,0.3897849
15,68,0.4193548,0.25,0.75,0,0,0,0.3333333,0.3897849
15,69,0.4193548,0.25,0.75,0,0,0,0.3333333,0.3897849
15,70,0.4193548,0.2222222,0.75,1,0,0,0.04761905,0.3897849
15,71,0.4193548,0.25,0.75,0,0,0,0.02380952,0.3897849
15,72,0.4193548,0.25,0.75,0,0,0,0.02380952,0.3897849
15,73,0.4193548,0,0.75,0,0,0,0.04761905,0.3897849
15,74,0.4193548,0.25,0.75,0,0,0,0.02380952,0.3897849
15,75,0.4193548,0,0.75,0,0,0,0.3333333,0.3897849
15,76,0.4193548,0,0.75,0,0,0,0.04761905,0.3897849
15,77,0.4193548,0.2222222,0.75,1,0,0,0.04761905,0.3897849
15,78,0.4193548,0.25,0.75,0,0,0,0.04761905,0.3897849
15,79,0.4193548,0,0.75,0,0,0,0.0952381,0.3897849
15,80,0.4193548,0.25,0.75,0,0,0,0.1190476,0.3897849
15,81,0.4193548,0.25,0.75,0,0,0,0.04761905,0.3897849
15,82,0.4193548,0.25,0.75,0,0,0,0.04761905,0.3897849
15,83,0.4193548,0,0.75,0,0,0,0.04761905,0.3897849
15,84,0.4193548,0.25,0.75,0,0,0,0.3333333,0.3897849
15,85,0.4193548,0.3611111,0.75,0,0,0.75,0.02380952,0.3897849
15,86,0.4193548,0.25,0.75,0,0,0,0.0952381,0.3897849
15,87,0.4193548,0.05555556,0.75,1,0,0,0.0952381,0.3897849
15,88,0.4193548,0.25,0.75,0,0,0,0.04761905,0.3897849
15,89,0.4193548,0,0.75,0,0,0,0.04761905,0.3897849
15,90,0.4193548,0.25,0.75,0,0,0,0.04761905,0.3897849
15,91,0.4193548,0.25,0.75,0,0,0,0.02380952,0.3897849
15,92,0.4193548,0.3611111,0.75,0,0,0.75,0.02380952,0.3897849
15,93,0.4193548,0,0.75,0,0,0,0.0952381,0.3897849
15,94,0.4516129,0.1111111,0.75,1,0,0,0.07142857,0.4005376
15,95,0.4516129,0.25,0.75,0,0,0,0.07142857,0.4005376
15,96,0.4516129,0.25,0.75,0,0,0,0.07142857,0.4005376
15,97,0.4516129,0,0.75,0,0,0,0.07142857,0.4005376
15,98,0.4516129,0.25,0.75,0,0,0,0.07142857,0.4005376
15,99,0.4516129,0,0.75,0,0,0,0.07142857,0.4005376
16,0,0.4193548,0,0.75,1,0,0,0.04761905,0.3897849
16,1,0.4193548,0.4722222,0.75,0,0,0.6666667,0.04761905,0.3897849
16,2,0.4193548,0,0.75,0,0,0,0.02380952,0.3897849
16,3,0.4193548,0.2222222,0.75,1,0,0,0.04761905,0.3897849
16,4,0.4193548,0.1666667,0.75,1,0,0,0.1666667,0.3897849
16,5,0.4193548,0,0.75,0,0,0,0.04761905,0.3897849
16,6,0.4193548,0.3611111,0.75,0,0,0.6666667,0.02380952,0.3897849
16,7,0.4193548,0.1111111,0.75,1,0,0,0.02380952,0.3897849
16,8,0.4193548,0,0.75,0,0,0,0.04761905,0.3897849
16,9,0.4193548,0.25,0.75,0,0,0,0.04761905,0.3897849
16,10,0.4193548,0.4166667,0.75,0,0,0.6666667,0.04761905,0.3897849
16,11,0.4193548,0,0.75,0,0,0,0.04761905,0.3897849
16,12,0.4193548,0.25,0.75,0,0,0,0.3333333,0.3897849
16,13,0.4193548,0.05555556,0.75,1,0,0,0.04761905,0.3897849
16,14,0.4193548,0,0.75,0,0,0,0.04761905,0.3897849
16,15,0.4193548,0,0.75,0,0,0,0.04761905,0.3897849
16,16,0.4193548,0,0.75,0,0,0,0.02380952,0.3897849
16,17,0.4193548,0,0.75,0,0,0,0.04761905,0.3897849
16,18,0.4193548,0,0.75,0,0,0,0.04761905,0.3897849
16,19,0.4193548,0,0.75,0,0,0,0.0952381,0.3897849
16,20,0.4193548,0.25,0.75,0,0,0,0.07142857,0.3897849
16,21,0.4193548,0,0.75,0,0,0,0.04761905,0.3897849
16,22,0.4193548,0,0.75,0,0,0,0.0952381,0.3897849
16,23,0.4193548,0,0.75,0,0,0,0.1190476,0.3897849
16,24,0.4193548,0,0.75,0,0,0,0.04761905,0.3897849
16,25,0.4193548,0.05555556,0.75,1,0,0,0.04761905,0.3897849
16,26,0.4193548,0.2222222,0.75,1,0,0,0.04761905,0.3897849
16,27,0.4193548,0,0.75,0,0,0,0.04761905,0.3897849
16,28,0.4193548,0.25,0.75,0,0,0,0.3333333,0.3897849
16,29,0.4193548,0.2222222,0.75,1,0,0,0.04761905,0.3897849
16,30,0.4193548,0.1111111,0.75,1,0,0,0.02380952,0.3897849
16,31,0.4193548,0.3611111,0.75,0,0,0.75,0.02380952,0.3897849
16,32,0.4193548,0.25,0.75,0,0,0,0.1666667,0.3897849
16,33,0.4193548,0.25,0.75,0,0,0,0.04761905,0.3897849
16,34,0.4193548,0.25,0.75,0,0,0,0.3333333,0.3897849
16,35,0.4193548,0.25,0.75,0,0,0,0.02380952,0.3897849
16,36,0.4193548,0.3611111,0.75,0,0,0.6666667,0.04761905,0.3897849
16,37,0.4193548,0.3333333,0.75,1,0,0,0.0952381,0.3897849
16,38,0.4193548,0,0.75,0,0,0,0.04761905,0.3897849
16,39,0.4193548,0,0.75,0,0,0,0.04761905,0.3897849
16,40,0.4193548,0.25,0.75,0,0,0,0.04761905,0.3897849
16,41,0.4193548,0,0.75,0,0,0,0.3333333,0.3897849
16,42,0.4193548,0.4166667,0.75,0,0,0.75,0.02380952,0.3897849
16,43,0.4193548,0,0.75,0,0,0,0.3333333,0.3897849
16,44,0.4193548,0.25,0.75,0,0,0,0.04761905,0.3897849
16,45,0.4193548,0.25,0.75,0,0,0,0.04761905,0.3897849
16,46,0.4193548,0.25,0.75,0,0,0,0.04761905,0.3897849
16,47,0.4193548,0,0.75,1,0,0,0.04761905,0.3897849
16,48,0.4193548,0.25,0.75,0,0,0,0.04761905,0.3897849
16,49,0.4193548,0.25,0.75,0,0,0,0.02380952,0.3897849
16,50,0.4193548,0,0.75,0,0,0,0.3333333,0.3897849
16,51,0.4193548,0.25,0.75,0,0,0,0.1666667,0.3897849
16,52,0.4193548,0,0.75,0,0,0,0.1666667,0.3897849
16,53,0.4193548,0,0.75,0,0,0,0.04761905,0.3897849
16,54,0.4193548,0.25,0.75,0,0,0,0.02380952,0.3897849
16,55,0.4193548,0.25,0.75,0,0,0,0.3333333,0.3897849
16,56,0.4193548,0,0.75,0,0,0,0.04761905,0.3897849
16,57,0.4193548,0,0.75,0,0,0,0.04761905,0.3897849
16,58,0.4193548,0,0.75,0,0,0,0.02380952,0.3897849
16,59,0.4193548,0,0.75,0,0,0,0.3333333,0.3897849
16,60,0.4193548,0.25,0.75,0,0,0,0.1666667,0.3897849
16,61,0.4193548,0.1666667,0.75,1,0,0,0.04761905,0.3897849
16,62,0.4193548,0,0.75,0,0,0,0.04761905,0.3897849
16,63,0.4193548,0,0.75,0,0,0,0.04761905,0.3897849
16,64,0.4193548,0.2222222,0.75,1,0,0,0.04761905,0.3897849
16,65,0.4193548,0.25,0.75,0,0,0,0.3333333,0.3897849
16,66,0.4193548,0.25,0.75,0,0,0,0.3333333,0.3897849
16,67,0.4193548,0.2222222,0.75,1,0,0,0.04761905,0.3897849
16,68,0.4193548,0.25,0.75,0,0,0,0.02380952,0.3897849
16,69,0.4193548,0.25,0.75,0,0,0,0.02380952,0.3897849
16,70,0.4193548,0,0.75,0,0,0,0.04761905,0.3897849
16,71,0.4193548,0.25,0.75,0,0,0,0.02380952,0.3897849
16,72,0.4193548,0,0.75,0,0,0,0.3333333,0.3897849
16,73,0.4193548,0,0.75,0,0,0,0.04761905,0.3897849
16,74,0.4193548,0.2222222,0.75,1,0,0,0.04761905,0.3897849
16,75,0.4193548,0.25,0.75,0,0,0,0.04761905,0.3897849
16,76,0.4193548,0,0.75,0,0,0,0.0952381,0.3897849
16,77,0.4193548,0.25,0.75,0,0,0,0.1190476,0.3897849
16,78,0.4193548,0.25,0.75,0,0,0,0.04761905,0.3897849
16,79,0.4193548,0.25,0.75,0,0,0,0.04761905,0.3897849
16,80,0.4193548,0,0.75,0,0,0,0.04761905,0.3897849
16,81,0.4193548,0.25,0.75,0,0,0,0.3333333,0.3897849
16,82,0.4193548,0.3611111,0.75,0,0,0.75,0.02380952,0.3897849
16,83,0.4193548,0.25,0.75,0,0,0,0.0952381,0.3897849
16,84,0.4193548,0.05555556,0.75,1,0,0,0.0952381,0.3897849
16,85,0.4193548,0.25,0.75,0,0,0,0.04761905,0.3897849
16,86,0.4193548,0,0.75,0,0,0,0.04761905,0.3897849
16,87,0.4193548,0.25,0.75,0,0,0,0.04761905,0.3897849
16,88,0.4193548,0.25,0.75,0,0,0,0.02380952,0.3897849
16,89,0.4193548,0.3611111,0.75,0,0,0.75,0.02380952,0.3897849
16,90,0.4193548,0,0.75,0,0,0,0.0952381,0.3897849
16,91,0.4516129,0.1111111,0.75,1,0,0,0.07142857,0.4005376
16,92,0.4516129,0,0.75,0,0,0,0.07142857,0.4005376
16,93,0.4516129,0.1111111,0.75,1,0,0,0.1666667,0.4005376
16,94,0.4516129,0.1111111,0.75,1,0,0,0.07142857,0.4005376
16,95,0.4516129,0.25,0.75,0,0,0,0.07142857,0.4005376
16,96,0.4516129,0.25,0.75,0,0,0,0.07142857,0.4005376
16,97,0.4516129,0,0.75,0,0,0,0.07142857,0.4005376
16,98,0.4516129,0.25,0.75,0,0,0,0.07142857,0.4005376
16,99,0.4516129,0,0.75,0,0,0,0.07142857,0.4005376
17,0,0.4193548,0.4722222,0.75,0,0,0.6666667,0.04761905,0.3897849
17,1,0.4193548,0,0.75,0,0,0,0.02380952,0.3897849
17,2,0.4193548,0.2222222,0.75,1,0,0,0.04761905,0.3897849
17,3,0.4193548,0.1666667,0.75,1,0,0,0.1666667,0.3897849
17,4,0.4193548,0,0.75,0,0,0,0.04761905,0.3897849
17,5,0.4193548,0.3611111,0.75,0,0,0.6666667,0.02380952,0.3897849
17,6,0.4193548,0.1111111,0.75,1,0,0,0.02380952,0.3897849
17,7,0.4193548,0,0.75,0,0,0,0.04761905,0.3897849
17,8,0.4193548,0.25,0.75,0,0,0,0.04761905,0.3897849
17,9,0.4193548,0.4166667,0.75,0,0,0.6666667,0.04761905,0.3897849
17,10,0.4193548,0,0.75,0,0,0,0.04761905,0.3897849
17,11,0.4193548,0.25,0.75,0,0,0,0.3333333,0.3897849
17,12,0.4193548,0.05555556,0.75,1,0,0,0.04761905,0.3897849
17,13,0.4193548,0,0.75,0,0,0,0.04761905,0.3897849
17,14,0.4193548,0,0.75,0,0,0,0.04761905,0.3897849
17,15,0.4193548,0,0.75,0,0,0,0.02380952,0.3897849
17,16,0.4193548,0,0.75,0,0,0,0.04761905,0.3897849
17,17,0.4193548,0,0.75,0,0,0,0.04761905,0.3897849
17,18,0.4193548,0,0.75,0,0,0,0.0952381,0.3897849
17,19,0.4193548,0.25,0.75,0,0,0,0.07142857,0.3897849
17,20,0.4193548,0,0.75,0,0,0,0.04761905,0.3897849
17,21,0.4193548,0,0.75,0,0,0,0.0952381,0.3897849
17,22,0.4193548,0,0.75,0,0,0,0.1190476,0.3897849
17,23,0.4193548,0,0.75,0,0,0,0.04761905,0.3897849
17,24,0.4193548,0.05555556,0.75,1,0,0,0.04761905,0.3897849
17,25,0.4193548,0.2222222,0.75,1,0,0,0.04761905,0.3897849
17,26,0.4193548,0,0.75,0,0,0,0.04761905,0.3897849
17,27,0.4193548,0.25,0.75,0,0,0,0.3333333,0.3897849
17,28,0.4193548,0.2222222,0.75,1,0,0,0.04761905,0.3897849
17,29,0.4193548,0.1111111,0.75,1,0,0,0.02380952,0.3897849
17,30,0.4193548,0.3611111,0.75,0,0,0.75,0.02380952,0.3897849
17,31,0.4193548,0.25,0.75,0,0,0,0.1666667,0.3897849
17,32,0.4193548,0.25,0.75,0,0,0,0.04761905,0.3897849
17,33,0.4193548,0.25,0.75,0,0,0,0.3333333,0.3897849
17,34,0.4193548,0.25,0.75,0,0,0,0.02380952,0.3897849
17,35,0.4193548,0.3611111,0.75,0,0,0.6666667,0.04761905,0.3897849
17,36,0.4193548,0.3333333,0.75,1,0,0,0.0952381,0.3897849
17,37,0.4193548,0,0.75,0,0,0,0.04761905,0.3897849
17,38,0.4193548,0,0.75,0,0,0,0.04761905,0.3897849
17,39,0.4193548,0.25,0.75,0,0,0,0.04761905,0.3897849
17,40,0.4193548,0,0.75,0,0,0,0.3333333,0.3897849
17,41,0.4193548,0.4166667,0.75,0,0,0.75,0.02380952,0.3897849
17,42,0.4193548,0,0.75,0,0,0,0.3333333,0.3897849
17,43,0.4193548,0.25,0.75,0,0,0,0.04761905,0.3897849
17,44,0.4193548,0.25,0.75,0,0,0,0.04761905,0.3897849
17,45,0.4193548,0.25,0.75,0,0,0,0.04761905,0.3897849
17,46,0.4193548,0,0.75,1,0,0,0.04761905,0.3897849
17,47,0.4193548,0.25,0.75,0,0,0,0.04761905,0.3897849
17,48,0.4193548,0.25,0.75,0,0,0,0.02380952,0.3897849
17,49,0.4193548,0,0.75,0,0,0,0.3333333,0.3897849
17,50,0.4193548,0.25,0.75,0,0,0,0.1666667,0.3897849
17,51,0.4193548,0,0.75,0,0,0,0.1666667,0.3897849
17,52,0.4193548,0,0.75,0,0,0,0.04761905,0.3897849
17,53,0.4193548,0.25,0.75,0,0,0,0.02380952,0.3897849
17,54,0.4193548,0.25,0.75,0,0,0,0.3333333,0.3897849
17,55,0.4193548,0,0.75,0,0,0,0.04761905,0.3897849
17,56,0.4193548,0,0.75,0,0,0,0.04761905,0.3897849
17,57,0.4193548,0,0.75,0,0,0,0.02380952,0.3897849
17,58,0.4193548,0,0.75,0,0,0,0.3333333,0.3897849
17,59,0.4193548,0.25,0.75,0,0,0,0.1666667,0.3897849
17,60,0.4193548,0.1666667,0.75,1,0,0,0.04761905,0.3897849
17,61,0.4193548,0,0.75,0,0,0,0.04761905,0.3897849
17,62,0.4193548,0,0.75,0,0,0,0.04761905,0.3897849
17,63,0.4193548,0.2222222,0.75,1,0,0,0.04761905,0.3897849
17,64,0.4193548,0.25,0.75,0,0,0,0.3333333,0.3897849
17,65,0.4193548,0.25,0.75,0,0,0,0.3333333,0.3897849
17,66,0.4193548,0.2222222,0.75,1,0,0,0.04761905,0.3897849
17,67,0.4193548,0.25,0.75,0,0,0,0.02380952,0.3897849
17,68,0.4193548,0.25,0.75,0,0,0,0.02380952,0.3897849
17,69,0.4193548,0,0.75,0,0,0,0.04761905,0.3897849
17,70,0.4193548,0.25,0.75,0,0,0,0.02380952,0.3897849
17,71,0.4193548,0,0.75,0,0,0,0.3333333,0.3897849
17,72,0.4193548,0,0.75,0,0,0,0.04761905,0.3897849
17,73,0.4193548,0.2222222,0.75,1,0,0,0.04761905,0.3897849
17,74,0.4193548,0.25,0.75,0,0,0,0.04761905,0.3897849
17,75,0.4193548,0,0.75,0,0,0,0.0952381,0.3897849
17,76,0.4193548,0.25,0.75,0,0,0,0.1190476,0.3897849
17,77,0.4193548,0.25,0.75,0,0,0,0.04761905,0.3897849
17,78,0.4193548,0.25,0.75,0,0,0,0.04761905,0.3897849
17,79,0.4193548,0,0.75,0,0,0,0.04761905,0.3897849
17,80,0.4193548,0.25,0.75,0,0,0,0.3333333,0.3897849
17,81,0.4193548,0.3611111,0.75,0,0,0.75,0.02380952,0.3897849
17,82,0.4193548,0.25,0.75,0,0,0,0.0952381,0.3897849
17,83,0.4193548,0.05555556,0.75,1,0,0,0.0952381,0.3897849
17,84,0.4193548,0.25,0.75,0,0,0,0.04761905,0.3897849
17,85,0.4193548,0,0.75,0,0,0,0.04761905,0.3897849
17,86,0.4193548,0.25,0.75,0,0,0,0.04761905,0.3897849
17,87,0.4193548,0.25,0.75,0,0,0,0.02380952,0.3897849
17,88,0.4193548,0.3611111,0.75,0,0,0.75,0.02380952,0.3897849
17,89,0.4193548,0,0.75,0,0,0,0.0952381,0.3897849
17,90,0.4516129,0.3611111,0.75,0,0,0.6666667,0.07142857,0.4005376
17,91,0.4516129,0.1111111,0.75,1,0,0,0.07142857,0.4005376
17,92,0.4516129,0,0.75,0,0,0,0.07142857,0.4005376
17,93,0.4516129,0.1111111,0.75,1,0,0,0.1666667,0.4005376
17,94,0.4516129,0.1111111,0.75,1,0,0,0.07142857,0.4005376
17,95,0.4516129,0.25,0.75,0,0,0,0.07142857,0.4005376
17,96,0.4516129,0.25,0.75,0,0,0,0.07142857,0.4005376
17,97,0.4516129,0,0.75,0,0,0,0.07142857,0.4005376
17,98,0.4516129,0.25,0.75,0,0,0,0.07142857,0.4005376
17,99,0.4516129,0,0.75,0,0,0,0.07142857,0.4005376
18,0,0.4193548,0,0.75,0,0,0,0.04761905,0.3897849
18,1,0.4193548,0.25,0.75,0,0,0,0.3333333,0.3897849
18,2,0.4193548,0.05555556,0.75,1,0,0,0.04761905,0.3897849
18,3,0.4193548,0,0.75,0,0,0,0.04761905,0.3897849
18,4,0.4193548,0,0.75,0,0,0,0.04761905,0.3897849
18,5,0.4193548,0,0.75,0,0,0,0.02380952,0.3897849
18,6,0.4193548,0,0.75,0,0,0,0.04761905,0.3897849
18,7,0.4193548,0,0.75,0,0,0,0.04761905,0.3897849
18,8,0.4193548,0,0.75,0,0,0,0.0952381,0.3897849
18,9,0.4193548,0.25,0.75,0,0,0,0.07142857,0.3897849
18,10,0.4193548,0,0.75,0,0,0,0.04761905,0.3897849
18,11,0.4193548,0,0.75,0,0,0,0.0952381,0.3897849
18,12,0.4193548,0,0.75,0,0,0,0.1190476,0.3897849
18,13,0.4193548,0,0.75,0,0,0,0.04761905,0.3897849
18,14,0.4193548,0.05555556,0.75,1,0,0,0.04761905,0.3897849
18,15,0.4193548,0.2222222,0.75,1,0,0,0.04761905,0.3897849
18,16,0.4193548,0,0.75,0,0,0,0.04761905,0.3897849
18,17,0.4193548,0.25,0.75,0,0,0,0.3333333,0.3897849
18,18,0.4193548,0.2222222,0.75,1,0,0,0.04761905,0.3897849
18,19,0.4193548,0.1111111,0.75,1,0,0,0.02380952,0.3897849
18,20,0.4193548,0.3611111,0.75,0,0,0.75,0.02380952,0.3897849
18,21,0.4193548,0.25,0.75,0,0,0,0.1666667,0.3897849
18,22,0.4193548,0.25,0.75,0,0,0,0.04761905,0.3897849
18,23,0.4193548,0.25,0.75,0,0,0,0.3333333,0.3897849
18,24,0.4193548,0.25,0.75,0,0,0,0.02380952,0.3897849
18,25,0.4193548,0.3611111,0.75,0,0,0.6666667,0.04761905,0.3897849
18,26,0.4193548,0.3333333,0.75,1,0,0,0.0952381,0.3897849
18,27,0.4193548,0,0.75,0,0,0,0.04761905,0.3897849
18,28,0.4193548,0,0.75,0,0,0,0.04761905,0.3897849
18,29,0.4193548,0.25,0.75,0,0,0,0.04761905,0.3897849
18,30,0.4193548,0,0.75,0,0,0,0.3333333,0.3897849
18,31,0.4193548,0.4166667,0.75,0,0,0.75,0.02380952,0.3897849
18,32,0.4193548,0,0.75,0,0,0,0.3333333,0.3897849
18,33,0.4193548,0.25,0.75,0,0,0,0.04761905,0.3897849
18,34,0.4193548,0.25,0.75,0,0,0,0.04761905,0.3897849
18,35,0.4193548,0.25,0.75,0,0,0,0.04761905,0.3897849
18,36,0.4193548,0,0.75,1,0,0,0.04761905,0.3897849
18,37,0.4193548,0.25,0.75,0,0,0,0.04761905,0.3897849
18,38,0.4193548,0.25,0.75,0,0,0,0.02380952,0.3897849
18,39,0.4193548,0,0.75,0,0,0,0.3333333,0.3897849
18,40,0.4193548,0.25,0.75,0,0,0,0.1666667,0.3897849
18,41,0.4193548,0,0.75,0,0,0,0.1666667,0.3897849
18,42,0.4193548,0,0.75,0,0,0,0.04761905,0.3897849
18,43,0.4193548,0.25,0.75,0,0,0,0.02380952,0.3897849
18,44,0.4193548,0.25,0.75,0,0,0,0.3333333,0.3897849
18,45,0.4193548,0,0.75,0,0,0,0.04761905,0.3897849
18,46,0.4193548,0,0.75,0,0,0,0.04761905,0.3897849
18,47,0.4193548,0,0.75,0,0,0,0.02380952,0.3897849
18,48,0.4193548,0,0.75,0,0,0,0.3333333,0.3897849
18,49,0.4193548,0.25,0.75,0,0,0,0.1666667,0.3897849
18,50,0.4193548,0.1666667,0.75,1,0,0,0.04761905,0.3897849
18,51,0.4193548,0,0.75,0,0,0,0.04761905,0.3897849
18,52,0.4193548,0,0.75,0,0,0,0.04761905,0.3897849
18,53,0.4193548,0.2222222,0.75,1,0,0,0.04761905,0.3897849
18,54,0.4193548,0.25,0.75,0,0,0,0.3333333,0.3897849
18,55,0.4193548,0.25,0.75,0,0,0,0.3333333,0.3897849
18,56,0.4193548,0.2222222,0.75,1,0,0,0.04761905,0.3897849
18,57,0.4193548,0.25,0.75,0,0,0,0.02380952,0.3897849
18,58,0.4193548,0.25,0.75,0,0,0,0.02380952,0.3897849
18,59,0.4193548,0,0.75,0,0,0,0.04761905,0.3897849
18,60,0.4193548,0.25,0.75,0,0,0,0.02380952,0.3897849
18,61,0.4193548,0,0.75,0,0,0,0.3333333,0.3897849
18,62,0.4193548,0,0.75,0,0,0,0.04761905,0.3897849
18,63,0.4193548,0.2222222,0.75,1,0,0,0.04761905,0.3897849
18,64,0.4193548,0.25,0.75,0,0,0,0.04761905,0.3897849
18,65,0.4193548,0,0.75,0,0,0,0.0952381,0.3897849
18,66,0.4193548,0.25,0.75,0,0,0,0.1190476,0.3897849
18,67,0.4193548,0.25,0.75,0,0,0,0.04761905,0.3897849
18,68,0.4193548,0.25,0.75,0,0,0,0.04761905,0.3897849
18,69,0.4193548,0,0.75,0,0,0,0.04761905,0.3897849
18,70,0.4193548,0.25,0.75,0,0,0,0.3333333,0.3897849
18,71,0.4193548,0.3611111,0.75,0,0,0.75,0.02380952,0.3897849
18,72,0.4193548,0.25,0.75,0,0,0,0.0952381,0.3897849
18,73,0.4193548,0.05555556,0.75,1,0,0,0.0952381,0.3897849
18,74,0.4193548,0.25,0.75,0,0,0,0.04761905,0.3897849
18,75,0.4193548,0,0.75,0,0,0,0.04761905,0.3897849
18,76,0.4193548,0.25,0.75,0,0,0,0.04761905,0.3897849
18,77,0.4193548,0.25,0.75,0,0,0,0.02380952,0.3897849
18,78,0.4193548,0.3611111,0.75,0,0,0.75,0.02380952,0.3897849
18,79,0.4193548,0,0.75,0,0,0,0.0952381,0.3897849
18,80,0.4516129,0,0.75,0,0,0,0.07142857,0.4005376
18,81,0.4516129,0.1111111,0.75,1,0,0,0.07142857,0.4005376
18,82,0.4516129,0,0.75,0,0,0,0.07142857,0.4005376
18,83,0.4516129,0.25,0.75,0,0,0,0.07142857,0.4005376
18,84,0.4516129,0.25,0.75,0,0,0,0.07142857,0.4005376
18,85,0.4516129,0.25,0.75,0,0,0.6666667,0.0952381,0.4005376
18,86,0.4516129,0.25,0.75,0,0,0,0.07142857,0.4005376
18,87,0.4516129,0,0.75,0,0,0,0.07142857,0.4005376
18,88,0.4516129,0,0.75,0,0,0,0.07142857,0.4005376
18,89,0.4516129,0,0.75,0,0,0,0.1666667,0.4005376
18,90,0.4516129,0.3611111,0.75,0,0,0.6666667,0.07142857,0.4005376
18,91,0.4516129,0.1111111,0.75,1,0,0,0.07142857,0.4005376
18,92,0.4516129,0,0.75,0,0,0,0.07142857,0.4005376
18,93,0.4516129,0.1111111,0.75,1,0,0,0.1666667,0.4005376
18,94,0.4516129,0.1111111,0.75,1,0,0,0.07142857,0.4005376
18,95,0.4516129,0.25,0.75,0,0,0,0.07142857,0.4005376
18,96,0.4516129,0.25,0.75,0,0,0,0.07142857,0.4005376
18,97,0.4516129,0,0.75,0,0,0,0.07142857,0.4005376
18,98,0.4516129,0.25,0.75,0,0,0,0.07142857,0.4005376
18,99,0.4516129,0,0.75,0,0,0,0.07142857,0.4005376
19,0,0.4193548,0.3611111,0.75,0,0,0.75,0.02380952,0.3897849
19,1,0.4193548,0.25,0.75,0,0,0,0.1666667,0.3897849
19,2,0.4193548,0.25,0.75,0,0,0,0.04761905,0.3897849
19,3,0.4193548,0.25,0.75,0,0,0,0.3333333,0.3897849
19,4,0.4193548,0.25,0.75,0,0,0,0.02380952,0.3897849
19,5,0.4193548,0.3611111,0.75,0,0,0.6666667,0.04761905,0.3897849
19,6,0.4193548,0.3333333,0.75,1,0,0,0.0952381,0.3897849
19,7,0.4193548,0,0.75,0,0,0,0.04761905,0.3897849
19,8,0.4193548,0,0.75,0,0,0,0.04761905,0.3897849
19,9,0.4193548,0.25,0.75,0,0,0,0.04761905,0.3897849
19,10,0.4193548,0,0.75,0,0,0,0.3333333,0.3897849
19,11,0.4193548,0.4166667,0.75,0,0,0.75,0.02380952,0.3897849
19,12,0.4193548,0,0.75,0,0,0,0.3333333,0.3897849
19,13,0.4193548,0.25,0.75,0,0,0,0.04761905,0.3897849
19,14,0.4193548,0.25,0.75,0,0,0,0.04761905,0.3897849
19,15,0.4193548,0.25,0.75,0,0,0,0.04761905,0.3897849
19,16,0.4193548,0,0.75,1,0,0,0.04761905,0.3897849
19,17,0.4193548,0.25,0.75,0,0,0,0.04761905,0.3897849
19,18,0.4193548,0.25,0.75,0,0,0,0.02380952,0.3897849
19,19,0.4193548,0,0.75,0,0,0,0.3333333,0.3897849
19,20,0.4193548,0.25,0.75,0,0,0,0.1666667,0.3897849
19,21,0.4193548,0,0.75,0,0,0,0.1666667,0.3897849
19,22,0.4193548,0,0.75,0,0,0,0.04761905,0.3897849
19,23,0.4193548,0.25,0.75,0,0,0,0.02380952,0.3897849
19,24,0.4193548,0.25,0.75,0,0,0,0.3333333,0.3897849
19,25,0.4193548,0,0.75,0,0,0,0.04761905,0.3897849
19,26,0.4193548,0,0.75,0,0,0,0.04761905,0.3897849
19,27,0.4193548,0,0.75,0,0,0,0.02380952,0.3897849
19,28,0.4193548,0,0.75,0,0,0,0.3333333,0.3897849
19,29,0.4193548,0.25,0.75,0,0,0,0.1666667,0.3897849
19,30,0.4193548,0.1666667,0.75,1,0,0,0.04761905,0.3897849
19,31,0.4193548,0,0.75,0,0,0,0.04761905,0.3897849
19,32,0.4193548,0,0.75,0,0,0,0.04761905,0.3897849
19,33,0.4193548,0.2222222,0.75,1,0,0,0.04761905,0.3897849
19,34,0.4193548,0.25,0.75,0,0,0,0.3333333,0.3897849
19,35,0.4193548,0.25,0.75,0,0,0,0.3333333,0.3897849
19,36,0.4193548,0.2222222,0.75,1,0,0,0.04761905,0.3897849
19,37,0.4193548,0.25,0.75,0,0,0,0.02380952,0.3897849
19,38,0.4193548,0.25,0.75,0,0,0,0.02380952,0.3897849
19,39,0.4193548,0,0.75,0,0,0,0.04761905,0.3897849
19,40,0.4193548,0.25,0.75,0,0,0,0.02380952,0.3897849
19,41,0.4193548,0,0.75,0,0,0,0.3333333,0.3897849
19,42,0.4193548,0,0.75,0,0,0,0.04761905,0.3897849
19,43,0.4193548,0.2222222,0.75,1,0,0,0.04761905,0.3897849
19,44,0.4193548,0.25,0.75,0,0,0,0.04761905,0.3897849
19,45,0.4193548,0,0.75,0,0,0,0.0952381,0.3897849
19,46,0.4193548,0.25,0.75,0,0,0,0.1190476,0.3897849
19,47,0.4193548,0.25,0.75,0,0,0,0.04761905,0.3897849
19,48,0.4193548,0.25,0.75,0,0,0,0.04761905,0.3897849
19,49,0.4193548,0,0.75,0,0,0,0.04761905,0.3897849
19,50,0.4193548,0.25,0.75,0,0,0,0.3333333,0.3897849
19,51,0.4193548,0.3611111,0.75,0,0,0.75,0.02380952,0.3897849
19,52,0.4193548,0.25,0.75,0,0,0,0.0952381,0.3897849
19,53,0.4193548,0.05555556,0.75,1,0,0,0.0952381,0.3897849
19,54,0.4193548,0.25,0.75,0,0,0,0.04761905,0.3897849
19,55,0.4193548,0,0.75,0,0,0,0.04761905,0.3897849
19,56,0.4193548,0.25,0.75,0,0,0,0.04761905,0.3897849
19,57,0.4193548,0.25,0.75,0,0,0,0.02380952,0.3897849
19,58,0.4193548,0.3611111,0.75,0,0,0.75,0.02380952,0.3897849
19,59,0.4193548,0,0.75,0,0,0,0.0952381,0.3897849
19,60,0.4516129,0,0.75,0,0,0,0.07142857,0.4005376
19,61,0.4516129,0.25,0.75,0,0,0,0.07142857,0.4005376
19,62,0.4516129,0.25,0.75,0,0,0,0.07142857,0.4005376
19,63,0.4516129,0.1111111,0.75,1,0,0,0.07142857,0.4005376
19,64,0.4516129,0,0.75,0,0,0,0.07142857,0.4005376
19,65,0.4516129,0.25,0.75,0,0,0,0.04761905,0.4005376
19,66,0.4516129,0.25,0.75,0,0,0,0.07142857,0.4005376
19,67,0.4516129,0,0.75,0,0,0,0.07142857,0.4005376
19,68,0.4516129,0,0.75,0,0,0,0.07142857,0.4005376
19,69,0.4516129,0.25,0.75,0,0,0,0.07142857,0.4005376
19,70,0.4516129,0.25,0.75,0,0,0,0.1428571,0.4005376
19,71,0.4516129,0,0.75,0,0,0,0.07142857,0.4005376
19,72,0.4516129,0.1666667,0.75,1,0,0,0.1666667,0.4005376
19,73,0.4516129,0,0.75,0,0,0,0.0952381,0.4005376
19,74,0.4516129,0.2777778,0.75,1,0,0,0.07142857,0.4005376
19,75,0.4516129,0.4722222,0.75,0,0,0.6666667,0.07142857,0.4005376
19,76,0.4516129,0.1111111,0.75,1,0,0,0.07142857,0.4005376
19,77,0.4516129,0,0.75,0,0,0,0.07142857,0.4005376
19,78,0.4516129,0.25,0.75,0,0,0,0.07142857,0.4005376
19,79,0.4516129,0.3611111,0.75,0,0,0.6666667,0.07142857,0.4005376
19,80,0.4516129,0,0.75,0,0,0,0.07142857,0.4005376
19,81,0.4516129,0.1111111,0.75,1,0,0,0.07142857,0.4005376
19,82,0.4516129,0,0.75,0,0,0,0.07142857,0.4005376
19,83,0.4516129,0.25,0.75,0,0,0,0.07142857,0.4005376
19,84,0.4516129,0.25,0.75,0,0,0,0.07142857,0.4005376
19,85,0.4516129,0.25,0.75,0,0,0.6666667,0.0952381,0.4005376
19,86,0.4516129,0.25,0.75,0,0,0,0.07142857,0.4005376
19,87,0.4516129,0,0.75,0,0,0,0.07142857,0.4005376
19,88,0.4516129,0,0.75,0,0,0,0.07142857,0.4005376
19,89,0.4516129,0,0.75,0,0,0,0.1666667,0.4005376
19,90,0.4516129,0.3611111,0.75,0,0,0.6666667,0.07142857,0.4005376
19,91,0.4516129,0.1111111,0.75,1,0,0,0.07142857,0.4005376
19,92,0.4516129,0,0.75,0,0,0,0.07142857,0.4005376
19,93,0.4516129,0.1111111,0.75,1,0,0,0.1666667,0.4005376
19,94,0.4516129,0.1111111,0.75,1,0,0,0.07142857,0.4005376
19,95,0.4516129,0.25,0.75,0,0,0,0.07142857,0.4005376
19,96,0.4516129,0.25,0.75,0,0,0,0.07142857,0.4005376
19,97,0.4516129,0,0.75,0,0,0,0.07142857,0.4005376
19,98,0.4516129,0.25,0.75,0,0,0,0.07142857,0.4005376
19,99,0.4516129,0,0.75,0,0,0,0.07142857,0.4005376
20,0,0.4193548,0,0.75,0,0,0,0.04761905,0.3897849
20,1,0.4193548,0.2222222,0.75,1,0,0,0.04761905,0.3897849
20,2,0.4193548,0.25,0.75,0,0,0,0.3333333,0.3897849
20,3,0.4193548,0.25,0.75,0,0,0,0.3333333,0.3897849
20,4,0.4193548,0.2222222,0.75,1,0,0,0.04761905,0.3897849
20,5,0.4193548,0.25,0.75,0,0,0,0.02380952,0.3897849
20,6,0.4193548,0.25,0.75,0,0,0,0.02380952,0.3897849
20,7,0.4193548,0,0.75,0,0,0,0.04761905,0.3897849
20,8,0.4193548,0.25,0.75,0,0,0,0.02380952,0.3897849
20,9,0.4193548,0,0.75,0,0,0,0.3333333,0.3897849
20,10,0.4193548,0,0.75,0,0,0,0.04761905,0.3897849
20,11,0.4193548,0.2222222,0.75,1,0,0,0.04761905,0.3897849
20,12,0.4193548,0.25,0.75,0,0,0,0.04761905,0.3897849
20,13,0.4193548,0,0.75,0,0,0,0.0952381,0.3897849
20,14,0.4193548,0.25,0.75,0,0,0,0.1190476,0.3897849
20,15,0.4193548,0.25,0.75,0,0,0,0.04761905,0.3897849
20,16,0.4193548,0.25,0.75,0,0,0,0.04761905,0.3897849
20,17,0.4193548,0,0.75,0,0,0,0.04761905,0.3897849
20,18,0.4193548,0.25,0.75,0,0,0,0.3333333,0.3897849
20,19,0.4193548,0.3611111,0.75,0,0,0.75,0.02380952,0.3897849
20,20,0.4193548,0.25,0.75,0,0,0,0.0952381,0.3897849
20,21,0.4193548,0.05555556,0.75,1,0,0,0.0952381,0.3897849
20,22,0.4193548,0.25,0.75,0,0,0,0.04761905,0.3897849
20,23,0.4193548,0,0.75,0,0,0,0.04761905,0.3897849
20,24,0.4193548,0.25,0.75,0,0,0,0.04761905,0.3897849
20,25,0.4193548,0.25,0.75,0,0,0,0.02380952,0.3897849
20,26,0.4193548,0.3611111,0.75,0,0,0.75,0.02380952,0.3897849
20,27,0.4193548,0,0.75,0,0,0,0.0952381,0.3897849
20,28,0.4516129,0.2777778,0.75,1,0,0,0.07142857,0.4005376
20,29,0.4516129,0.25,0.75,0,0,0,0.07142857,0.4005376
20,30,0.4516129,0,0.75,0,0,0,0.07142857,0.4005376
20,31,0.4516129,0.1666667,0.75,1,0,0,0.07142857,0.4005376
20,32,0.4516129,0,0.75,0,0,0,0.07142857,0.4005376
20,33,0.4516129,0,0.75,0,0,0,0.04761905,0.4005376
20,34,0.4516129,0,0.75,0,0,0,0.07142857,0.4005376
20,35,0.4516129,0.4722222,0.75,0,0,0.6666667,0.07142857,0.4005376
20,36,0.4516129,0.25,0.75,0,0,0,0.1666667,0.4005376
20,37,0.4516129,0,0.75,0,0,0,0.1666667,0.4005376
20,38,0.4516129,0,0.75,0,0,0,0.0952381,0.4005376
20,39,0.4516129,0,0.75,0,0,0,0.0952381,0.4005376
20,40,0.4516129,0.25,0.75,0,0,0,0.07142857,0.4005376
20,41,0.4516129,0,0.75,0,0,0,0.07142857,0.4005376
20,42,0.4516129,0.25,0.75,0,0,0,0.07142857,0.4005376
20,43,0.4516129,0.3611111,0.75,0,0,0.6666667,0.07142857,0.4005376
20,44,0.4516129,0,0.75,0,0,0,0.07142857,0.4005376
20,45,0.4516129,0.1111111,0.75,1,0,0,0.07142857,0.4005376
20,46,0.4516129,0,0.75,0,0,0,0.07142857,0.4005376
20,47,0.4516129,0,0.75,0,0,0,0.07142857,0.4005376
20,48,0.4516129,0,0.75,0,0,0,0.07142857,0.4005376
20,49,0.4516129,0.25,0.75,0,0,0,0.07142857,0.4005376
20,50,0.4516129,0.25,0.75,0,0,0,0.07142857,0.4005376
20,51,0.4516129,0.25,0.75,0,0,0,0.07142857,0.4005376
20,52,0.4516129,0,0.75,0,0,0,0.04761905,0.4005376
20,53,0.4516129,0,0.75,0,0,0,0.04761905,0.4005376
20,54,0.4516129,0.25,0.75,0,0,0,0.07142857,0.4005376
20,55,0.4516129,0.1111111,0.75,1,0,0,0.07142857,0.4005376
20,56,0.4516129,0,0.75,0,0,0,0.1666667,0.4005376
20,57,0.4516129,0.25,0.75,0,0,0,0.0952381,0.4005376
20,58,0.4516129,0.25,0.75,0,0,0,0.07142857,0.4005376
20,59,0.4516129,0,0.75,0,0,0,0.07142857,0.4005376
20,60,0.4516129,0,0.75,0,0,0,0.07142857,0.4005376
20,61,0.4516129,0.25,0.75,0,0,0,0.07142857,0.4005376
20,62,0.4516129,0.25,0.75,0,0,0,0.07142857,0.4005376
20,63,0.4516129,0.1111111,0.75,1,0,0,0.07142857,0.4005376
20,64,0.4516129,0,0.75,0,0,0,0.07142857,0.4005376
20,65,0.4516129,0.25,0.75,0,0,0,0.04761905,0.4005376
20,66,0.4516129,0.25,0.75,0,0,0,0.07142857,0.4005376
20,67,0.4516129,0,0.75,0,0,0,0.07142857,0.4005376
20,68,0.4516129,0,0.75,0,0,0,0.07142857,0.4005376
20,69,0.4516129,0.25,0.75,0,0,0,0.07142857,0.4005376
20,70,0.4516129,0.25,0.75,0,0,0,0.1428571,0.4005376
20,71,0.4516129,0,0.75,0,0,0,0.07142857,0.4005376
20,72,0.4516129,0.1666667,0.75,1,0,0,0.1666667,0.4005376
20,73,0.4516129,0,0.75,0,0,0,0.0952381,0.4005376
20,74,0.4516129,0.2777778,0.75,1,0,0,0.07142857,0.4005376
20,75,0.4516129,0.4722222,0.75,0,0,0.6666667,0.07142857,0.4005376
20,76,0.4516129,0.1111111,0.75,1,0,0,0.07142857,0.4005376
20,77,0.4516129,0,0.75,0,0,0,0.07142857,0.4005376
20,78,0.4516129,0.25,0.75,0,0,0,0.07142857,0.4005376
20,79,0.4516129,0.3611111,0.75,0,0,0.6666667,0.07142857,0.4005376
20,80,0.4516129,0,0.75,0,0,0,0.07142857,0.4005376
20,81,0.4516129,0.1111111,0.75,1,0,0,0.07142857,0.4005376
20,82,0.4516129,0,0.75,0,0,0,0.07142857,0.4005376
20,83,0.4516129,0.25,0.75,0,0,0,0.07142857,0.4005376
20,84,0.4516129,0.25,0.75,0,0,0,0.07142857,0.4005376
20,85,0.4516129,0.25,0.75,0,0,0.6666667,0.0952381,0.4005376
20,86,0.4516129,0.25,0.75,0,0,0,0.07142857,0.4005376
20,87,0.4516129,0,0.75,0,0,0,0.07142857,0.4005376
20,88,0.4516129,0,0.75,0,0,0,0.07142857,0.4005376
20,89,0.4516129,0,0.75,0,0,0,0.1666667,0.4005376
20,90,0.4516129,0.3611111,0.75,0,0,0.6666667,0.07142857,0.4005376
20,91,0.4516129,0.1111111,0.75,1,0,0,0.07142857,0.4005376
20,92,0.4516129,0,0.75,0,0,0,0.07142857,0.4005376
20,93,0.4516129,0.1111111,0.75,1,0,0,0.1666667,0.4005376
20,94,0.4516129,0.1111111,0.75,1,0,0,0.07142857,0.4005376
20,95,0.4516129,0.25,0.75,0,0,0,0.07142857,0.4005376
20,96,0.4516129,0.25,0.75,0,0,0,0.07142857,0.4005376
20,97,0.4516129,0,0.75,0,0,0,0.07142857,0.4005376
20,98,0.4516129,0.25,0.75,0,0,0,0.07142857,0.4005376
20,99,0.4516129,0,0.75,0,0,0,0.07142857,0.4005376
21,0,0.4516129,0.25,0.75,0,0,0,0.07142857,0.4005376
21,1,0.4516129,0.3611111,0.75,0,0,0.6666667,0.02380952,0.4005376
21,2,0.4516129,0.25,0.75,0,0,0.6666667,0.02380952,0.4005376
21,3,0.4516129,0,0.75,0,0,0,0.07142857,0.4005376
21,4,0.4516129,0,0.75,0,0,0,0.07142857,0.4005376
21,5,0.4516129,0.4166667,0.75,0,0,0.6666667,0.07142857,0.4005376
21,6,0.4516129,0.1111111,0.75,1,0,0,0.1428571,0.4005376
21,7,0.4516129,0,0.75,0,0,0,0.07142857,0.4005376
21,8,0.4516129,0.3055556,0.75,0,0,0.6666667,0.07142857,0.4005376
21,9,0.4516129,0,0.75,0,0,0,0.07142857,0.4005376
21,10,0.4516129,0.2222222,0.75,1,0,0,0.0952381,0.4005376
21,11,0.4516129,0.25,0.75,0,0,0,0.07142857,0.4005376
21,12,0.4516129,0.3055556,0.75,0,0,0.6666667,0.0952381,0.4005376
21,13,0.4516129,0,0.75,0,0,0,0.07142857,0.4005376
21,14,0.4516129,0.25,0.75,0,0,0,0.07142857,0.4005376
21,15,0.4516129,0,0.75,0,0,0,0.07142857,0.4005376
21,16,0.4516129,0.3611111,0.75,0,0,0.6666667,0.07142857,0.4005376
21,17,0.4516129,0,0.75,0,0,0,0.04761905,0.4005376
21,18,0.4516129,0.25,0.75,0,0,0,0.07142857,0.4005376
21,19,0.4516129,0,0.75,0,0,0,0.1666667,0.4005376
21,20,0.4516129,0.25,0.75,0,0,0,0.1666667,0.4005376
21,21,0.4516129,0.25,0.75,0,0,0,0.07142857,0.4005376
21,22,0.4516129,0.25,0.75,0,0,0,0.07142857,0.4005376
21,23,0.4516129,0,0.75,0,0,0,0.07142857,0.4005376
21,24,0.4516129,0,0.75,0,0,0,0.07142857,0.4005376
21,25,0.4516129,0,0.75,0,0,0,0.07142857,0.4005376
21,26,0.4516129,0.2222222,0.75,1,0,0,0.07142857,0.4005376
21,27,0.4516129,0.25,0.75,0,0,0,0.07142857,0.4005376
21,28,0.4516129,0.2777778,0.75,1,0,0,0.07142857,0.4005376
21,29,0.4516129,0.25,0.75,0,0,0,0.07142857,0.4005376
21,30,0.4516129,0,0.75,0,0,0,0.07142857,0.4005376
21,31,0.4516129,0.1666667,0.75,1,0,0,0.07142857,0.4005376
21,32,0.4516129,0,0.75,0,0,0,0.07142857,0.4005376
21,33,0.4516129,0,0.75,0,0,0,0.04761905,0.4005376
21,34,0.4516129,0,0.75,0,0,0,0.07142857,0.4005376
21,35,0.4516129,0.4722222,0.75,0,0,0.6666667,0.07142857,0.4005376
21,36,0.4516129,0.25,0.75,0,0,0,0.1666667,0.4005376
21,37,0.4516129,0,0.75,0,0,0,0.1666667,0.4005376
21,38,0.4516129,0,0.75,0,0,0,0.0952381,0.4005376
21,39,0.4516129,0,0.75,0,0,0,0.0952381,0.4005376
21,40,0.4516129,0.25,0.75,0,0,0,0.07142857,0.4005376
21,41,0.4516129,0,0.75,0,0,0,0.07142857,0.4005376
21,42,0.4516129,0.25,0.75,0,0,0,0.07142857,0.4005376
21,43,0.4516129,0.3611111,0.75,0,0,0.6666667,0.07142857,0.4005376
21,44,0.4516129,0,0.75,0,0,0,0.07142857,0.4005376
21,45,0.4516129,0.1111111,0.75,1,0,0,0.07142857,0.4005376
21,46,0.4516129,0,0.75,0,0,0,0.07142857,0.4005376
21,47,0.4516129,0,0.75,0,0,0,0.07142857,0.4005376
21,48,0.4516129,0,0.75,0,0,0,0.07142857,0.4005376
21,49,0.4516129,0.25,0.75,0,0,0,0.07142857,0.4005376
21,50,0.4516129,0.25,0.75,0,0,0,0.07142857,0.4005376
21,51,0.4516129,0.25,0.75,0,0,0,0.07142857,0.4005376
21,52,0.4516129,0,0.75,0,0,0,0.04761905,0.4005376
21,53,0.4516129,0,0.75,0,0,0,0.04761905,0.4005376
21,54,0.4516129,0.25,0.75,0,0,0,0.07142857,0.4005376
21,55,0.4516129,0.1111111,0.75,1,0,0,0.07142857,0.4005376
21,56,0.4516129,0,0.75,0,0,0,0.1666667,0.4005376
21,57,0.4516129,0.25,0.75,0,0,0,0.0952381,0.4005376
21,58,0.4516129,0.25,0.75,0,0,0,0.07142857,0.4005376
21,59,0.4516129,0,0.75,0,0,0,0.07142857,0.4005376
21,60,0.4516129,0,0.75,0,0,0,0.07142857,0.4005376
21,61,0.4516129,0.25,0.75,0,0,0,0.07142857,0.4005376
21,62,0.4516129,0.25,0.75,0,0,0,0.07142857,0.4005376
21,63,0.4516129,0.1111111,0.75,1,0,0,0.07142857,0.4005376
21,64,0.4516129,0,0.75,0,0,0,0.07142857,0.4005376
21,65,0.4516129,0.25,0.75,0,0,0,0.04761905,0.4005376
21,66,0.4516129,0.25,0.75,0,0,0,0.07142857,0.4005376
21,67,0.4516129,0,0.75,0,0,0,0.07142857,0.4005376
21,68,0.4516129,0,0.75,0,0,0,0.07142857,0.4005376
21,69,0.4516129,0.25,0.75,0,0,0,0.07142857,0.4005376
21,70,0.4516129,0.25,0.75,0,0,0,0.1428571,0.4005376
21,71,0.4516129,0,0.75,0,0,0,0.07142857,0.4005376
21,72,0.4516129,0.1666667,0.75,1,0,0,0.1666667,0.4005376
21,73,0.4516129,0,0.75,0,0,0,0.0952381,0.4005376
21,74,0.4516129,0.2777778,0.75,1,0,0,0.07142857,0.4005376
21,75,0.4516129,0.4722222,0.75,0,0,0.6666667,0.07142857,0.4005376
21,76,0.4516129,0.1111111,0.75,1,0,0,0.07142857,0.4005376
21,77,0.4516129,0,0.75,0,0,0,0.07142857,0.4005376
21,78,0.4516129,0.25,0.75,0,0,0,0.07142857,0.4005376
21,79,0.4516129,0.3611111,0.75,0,0,0.6666667,0.07142857,0.4005376
21,80,0.4516129,0,0.75,0,0,0,0.07142857,0.4005376
21,81,0.4516129,0.1111111,0.75,1,0,0,0.07142857,0.4005376
21,82,0.4516129,0,0.75,0,0,0,0.07142857,0.4005376
21,83,0.4516129,0.25,0.75,0,0,0,0.07142857,0.4005376
21,84,0.4516129,0.25,0.75,0,0,0,0.07142857,0.4005376
21,85,0.4516129,0.25,0.75,0,0,0.6666667,0.0952381,0.4005376
21,86,0.4516129,0.25,0.75,0,0,0,0.07142857,0.4005376
21,87,0.4516129,0,0.75,0,0,0,0.07142857,0.4005376
21,88,0.4516129,0,0.75,0,0,0,0.07142857,0.4005376
21,89,0.4516129,0,0.75,0,0,0,0.1666667,0.4005376
21,90,0.4516129,0.3611111,0.75,0,0,0.6666667,0.07142857,0.4005376
21,91,0.4516129,0.1111111,0.75,1,0,0,0.07142857,0.4005376
21,92,0.4516129,0,0.75,0,0,0,0.07142857,0.4005376
21,93,0.4516129,0.1111111,0.75,1,0,0,0.1666667,0.4005376
21,94,0.4516129,0.1111111,0.75,1,0,0,0.07142857,0.4005376
21,95,0.4516129,0.25,0.75,0,0,0,0.07142857,0.4005376
21,96,0.4516129,0.25,0.75,0,0,0,0.07142857,0.4005376
21,97,0.4516129,0,0.75,0,0,0,0.07142857,0.4005376
21,98,0.4516129,0.25,0.75,0,0,0,0.07142857,0.4005376
21,99,0.4516129,0,0.75,0,0,0,0.07142857,0.4005376
22,0,0.4516129,0.25,0.75,0,0,0,0.07142857,0.4005376
22,1,0.4516129,0.3611111,0.75,0,0,0.6666667,0.02380952,0.4005376
22,2,0.4516129,0.25,0.75,0,0,0.6666667,0.02380952,0.4005376
22,3,0.4516129,0,0.75,0,0,0,0.07142857,0.4005376
22,4,0.4516129,0,0.75,0,0,0,0.07142857,0.4005376
22,5,0.4516129,0.4166667,0.75,0,0,0.6666667,0.07142857,0.4005376
22,6,0.4516129,0.1111111,0.75,1,0,0,0.1428571,0.4005376
22,7,0.4516129,0,0.75,0,0,0,0.07142857,0.4005376
22,8,0.4516129,0.3055556,0.75,0,0,0.6666667,0.07142857,0.4005376
22,9,0.4516129,0,0.75,0,0,0,0.07142857,0.4005376
22,10,0.4516129,0.2222222,0.75,1,0,0,0.0952381,0.4005376
22,11,0.4516129,0.25,0.75,0,0,0,0.07142857,0.4005376
22,12,0.4516129,0.3055556,0.75,0,0,0.6666667,0.0952381,0.4005376
22,13,0.4516129,0,0.75,0,0,0,0.07142857,0.4005376
22,14,0.4516129,0.25,0.75,0,0,0,0.07142857,0.4005376
22,15,0.4516129,0,0.75,0,0,0,0.07142857,0.4005376
22,16,0.4516129,0.3611111,0.75,0,0,0.6666667,0.07142857,0.4005376
22,17,0.4516129,0,0.75,0,0,0,0.04761905,0.4005376
22,18,0.4516129,0.25,0.75,0,0,0,0.07142857,0.4005376
22,19,0.4516129,0,0.75,0,0,0,0.1666667,0.4005376
22,20,0.4516129,0.25,0.75,0,0,0,0.1666667,0.4005376
22,21,0.4516129,0.25,0.75,0,0,0,0.07142857,0.4005376
22,22,0.4516129,0.25,0.75,0,0,0,0.07142857,0.4005376
22,23,0.4516129,0,0.75,0,0,0,0.07142857,0.4005376
22,24,0.4516129,0,0.75,0,0,0,0.07142857,0.4005376
22,25,0.4516129,0,0.75,0,0,0,0.07142857,0.4005376
22,26,0.4516129,0.2222222,0.75,1,0,0,0.07142857,0.4005376
22,27,0.4516129,0.25,0.75,0,0,0,0.07142857,0.4005376
22,28,0.4516129,0.2777778,0.75,1,0,0,0.07142857,0.4005376
22,29,0.4516129,0.25,0.75,0,0,0,0.07142857,0.4005376
22,30,0.4516129,0,0.75,0,0,0,0.07142857,0.4005376
22,31,0.4516129,0.1666667,0.75,1,0,0,0.07142857,0.4005376
22,32,0.4516129,0,0.75,0,0,0,0.07142857,0.4005376
22,33,0.4516129,0,0.75,0,0,0,0.04761905,0.4005376
22,34,0.4516129,0,0.75,0,0,0,0.07142857,0.4005376
22,35,0.4516129,0.4722222,0.75,0,0,0.6666667,0.07142857,0.4005376
22,36,0.4516129,0.25,0.75,0,0,0,0.1666667,0.4005376
22,37,0.4516129,0,0.75,0,0,0,0.1666667,0.4005376
22,38,0.4516129,0,0.75,0,0,0,0.0952381,0.4005376
22,39,0.4516129,0,0.75,0,0,0,0.0952381,0.4005376
22,40,0.4516129,0.25,0.75,0,0,0,0.07142857,0.4005376
22,41,0.4516129,0,0.75,0,0,0,0.07142857,0.4005376
22,42,0.4516129,0.25,0.75,0,0,0,0.07142857,0.4005376
22,43,0.4516129,0.3611111,0.75,0,0,0.6666667,0.07142857,0.4005376
22,44,0.4516129,0,0.75,0,0,0,0.07142857,0.4005376
22,45,0.4516129,0.1111111,0.75,1,0,0,0.07142857,0.4005376
22,46,0.4516129,0,0.75,0,0,0,0.07142857,0.4005376
22,47,0.4516129,0,0.75,0,0,0,0.07142857,0.4005376
22,48,0.4516129,0,0.75,0,0,0,0.07142857,0.4005376
22,49,0.4516129,0.25,0.75,0,0,0,0.07142857,0.4005376
22,50,0.4516129,0.25,0.75,0,0,0,0.07142857,0.4005376
22,51,0.4516129,0.25,0.75,0,0,0,0.07142857,0.4005376
22,52,0.4516129,0,0.75,0,0,0,0.04761905,0.4005376
22,53,0.4516129,0,0.75,0,0,0,0.04761905,0.4005376
22,54,0.4516129,0.25,0.75,0,0,0,0.07142857,0.4005376
22,55,0.4516129,0.1111111,0.75,1,0,0,0.07142857,0.4005376
22,56,0.4516129,0,0.75,0,0,0,0.1666667,0.4005376
22,57,0.4516129,0.25,0.75,0,0,0,0.0952381,0.4005376
22,58,0.4516129,0.25,0.75,0,0,0,0.07142857,0.4005376
22,59,0.4516129,0,0.75,0,0,0,0.07142857,0.4005376
22,60,0.4516129,0,0.75,0,0,0,0.07142857,0.4005376
22,61,0.4516129,0.25,0.75,0,0,0,0.07142857,0.4005376
22,62,0.4516129,0.25,0.75,0,0,0,0.07142857,0.4005376
22,63,0.4516129,0.1111111,0.75,1,0,0,0.07142857,0.4005376
22,64,0.4516129,0,0.75,0,0,0,0.07142857,0.4005376
22,65,0.4516129,0.25,0.75,0,0,0,0.04761905,0.4005376
22,66,0.4516129,0.25,0.75,0,0,0,0.07142857,0.4005376
22,67,0.4516129,0,0.75,0,0,0,0.07142857,0.4005376
22,68,0.4516129,0,0.75,0,0,0,0.07142857,0.4005376
22,69,0.4516129,0.25,0.75,0,0,0,0.07142857,0.4005376
22,70,0.4516129,0.25,0.75,0,0,0,0.1428571,0.4005376
22,71,0.4516129,0,0.75,0,0,0,0.07142857,0.4005376
22,72,0.4516129,0.1666667,0.75,1,0,0,0.1666667,0.4005376
22,73,0.4516129,0,0.75,0,0,0,0.0952381,0.4005376
22,74,0.4516129,0.2777778,0.75,1,0,0,0.07142857,0.4005376
22,75,0.4516129,0.4722222,0.75,0,0,0.6666667,0.07142857,0.4005376
22,76,0.4516129,0.1111111,0.75,1,0,0,0.07142857,0.4005376
22,77,0.4516129,0,0.75,0,0,0,0.07142857,0.4005376
22,78,0.4516129,0.25,0.75,0,0,0,0.07142857,0.4005376
22,79,0.4516129,0.3611111,0.75,0,0,0.6666667,0.07142857,0.4005376
22,80,0.4516129,0,0.75,0,0,0,0.07142857,0.4005376
22,81,0.4516129,0.1111111,0.75,1,0,0,0.07142857,0.4005376
22,82,0.4516129,0,0.75,0,0,0,0.07142857,0.4005376
22,83,0.4516129,0.25,0.75,0,0,0,0.07142857,0.4005376
22,84,0.4516129,0.25,0.75,0,0,0,0.07142857,0.4005376
22,85,0.4516129,0.25,0.75,0,0,0.6666667,0.0952381,0.4005376
22,86,0.4516129,0.25,0.75,0,0,0,0.07142857,0.4005376
22,87,0.4516129,0,0.75,0,0,0,0.07142857,0.4005376
22,88,0.4516129,0,0.75,0,0,0,0.07142857,0.4005376
22,89,0.4516129,0,0.75,0,0,0,0.1666667,0.4005376
22,90,0.4516129,0.3611111,0.75,0,0,0.6666667,0.07142857,0.4005376
22,91,0.4516129,0.1111111,0.75,1,0,0,0.07142857,0.4005376
22,92,0.4516129,0,0.75,0,0,0,0.07142857,0.4005376
22,93,0.4516129,0.1111111,0.75,1,0,0,0.1666667,0.4005376
22,94,0.4516129,0.1111111,0.75,1,0,0,0.07142857,0.4005376
22,95,0.4516129,0.25,0.75,0,0,0,0.07142857,0.4005376
22,96,0.4516129,0.25,0.75,0,0,0,0.07142857,0.4005376
22,97,0.4516129,0,0.75,0,0,0,0.07142857,0.4005376
22,98,0.4516129,0.25,0.75,0,0,0,0.07142857,0.4005376
22,99,0.4516129,0,0.75,0,0,0,0.07142857,0.4005376
23,0,0.4516129,0.25,0.75,0,0,0,0.07142857,0.4005376
23,1,0.4516129,0.3611111,0.75,0,0,0.6666667,0.02380952,0.4005376
23,2,0.4516129,0.25,0.75,0,0,0.6666667,0.02380952,0.4005376
23,3,0.4516129,0,0.75,0,0,0,0.07142857,0.4005376
23,4,0.4516129,0,0.75,0,0,0,0.07142857,0.4005376
23,5,0.4516129,0.4166667,0.75,0,0,0.6666667,0.07142857,0.4005376
23,6,0.4516129,0.1111111,0.75,1,0,0,0.1428571,0.4005376
23,7,0.4516129,0,0.75,0,0,0,0.07142857,0.4005376
23,8,0.4516129,0.3055556,0.75,0,0,0.6666667,0.07142857,0.4005376
23,9,0.4516129,0,0.75,0,0,0,0.07142857,0.4005376
23,10,0.4516129,0.2222222,0.75,1,0,0,0.0952381,0.4005376
23,11,0.4516129,0.25,0.75,0,0,0,0.07142857,0.4005376
23,12,0.4516129,0.3055556,0.75,0,0,0.6666667,0.0952381,0.4005376
23,13,0.4516129,0,0.75,0,0,0,0.07142857,0.4005376
23,14,0.4516129,0.25,0.75,0,0,0,0.07142857,0.4005376
23,15,0.4516129,0,0.75,0,0,0,0.07142857,0.4005376
23,16,0.4516129,0.3611111,0.75,0,0,0.6666667,0.07142857,0.4005376
23,17,0.4516129,0,0.75,0,0,0,0.04761905,0.4005376
23,18,0.4516129,0.25,0.75,0,0,0,0.07142857,0.4005376
23,19,0.4516129,0,0.75,0,0,0,0.1666667,0.4005376
23,20,0.4516129,0.25,0.75,0,0,0,0.1666667,0.4005376
23,21,0.4516129,0.25,0.75,0,0,0,0.07142857,0.4005376
23,22,0.4516129,0.25,0.75,0,0,0,0.07142857,0.4005376
23,23,0.4516129,0,0.75,0,0,0,0.07142857,0.4005376
23,24,0.4516129,0,0.75,0,0,0,0.07142857,0.4005376
23,25,0.4516129,0,0.75,0,0,0,0.07142857,0.4005376
23,26,0.4516129,0.2222222,0.75,1,0,0,0.07142857,0.4005376
23,27,0.4516129,0.25,0.75,0,0,0,0.07142857,0.4005376
23,28,0.4516129,0.2777778,0.75,1,0,0,0.07142857,0.4005376
23,29,0.4516129,0.25,0.75,0,0,0,0.07142857,0.4005376
23,30,0.4516129,0,0.75,0,0,0,0.07142857,0.4005376
23,31,0.4516129,0.1666667,0.75,1,0,0,0.07142857,0.4005376
23,32,0.4516129,0,0.75,0,0,0,0.07142857,0.4005376
23,33,0.4516129,0,0.75,0,0,0,0.04761905,0.4005376
23,34,0.4516129,0,0.75,0,0,0,0.07142857,0.4005376
23,35,0.4516129,0.4722222,0.75,0,0,0.6666667,0.07142857,0.4005376
23,36,0.4516129,0.25,0.75,0,0,0,0.1666667,0.4005376
23,37,0.4516129,0,0.75,0,0,0,0.1666667,0.4005376
23,38,0.4516129,0,0.75,0,0,0,0.0952381,0.4005376
23,39,0.4516129,0,0.75,0,0,0,0.0952381,0.4005376
23,40,0.4516129,0.25,0.75,0,0,0,0.07142857,0.4005376
23,41,0.4516129,0,0.75,0,0,0,0.07142857,0.4005376
23,42,0.4516129,0.25,0.75,0,0,0,0.07142857,0.4005376
23,43,0.4516129,0.3611111,0.75,0,0,0.6666667,0.07142857,0.4005376
23,44,0.4516129,0,0.75,0,0,0,0.07142857,0.4005376
23,45,0.4516129,0.1111111,0.75,1,0,0,0.07142857,0.4005376
23,46,0.4516129,0,0.75,0,0,0,0.07142857,0.4005376
23,47,0.4516129,0,0.75,0,0,0,0.07142857,0.4005376
23,48,0.4516129,0,0.75,0,0,0,0.07142857,0.4005376
23,49,0.4516129,0.25,0.75,0,0,0,0.07142857,0.4005376
23,50,0.4516129,0.25,0.75,0,0,0,0.07142857,0.4005376
23,51,0.4516129,0.25,0.75,0,0,0,0.07142857,0.4005376
23,52,0.4516129,0,0.75,0,0,0,0.04761905,0.4005376
23,53,0.4516129,0,0.75,0,0,0,0.04761905,0.4005376
23,54,0.4516129,0.25,0.75,0,0,0,0.07142857,0.4005376
23,55,0.4516129,0.1111111,0.75,1,0,0,0.07142857,0.4005376
23,56,0.4516129,0,0.75,0,0,0,0.1666667,0.4005376
23,57,0.4516129,0.25,0.75,0,0,0,0.0952381,0.4005376
23,58,0.4516129,0.25,0.75,0,0,0,0.07142857,0.4005376
23,59,0.4516129,0,0.75,0,0,0,0.07142857,0.4005376
23,60,0.4516129,0,0.75,0,0,0,0.07142857,0.4005376
23,61,0.4516129,0.25,0.75,0,0,0,0.07142857,0.4005376
23,62,0.4516129,0.25,0.75,0,0,0,0.07142857,0.4005376
23,63,0.4516129,0.1111111,0.75,1,0,0,0.07142857,0.4005376
23,64,0.4516129,0,0.75,0,0,0,0.07142857,0.4005376
23,65,0.4516129,0.25,0.75,0,0,0,0.04761905,0.4005376
23,66,0.4516129,0.25,0.75,0,0,0,0.07142857,0.4005376
23,67,0.4516129,0,0.75,0,0,0,0.07142857,0.4005376
23,68,0.4516129,0,0.75,0,0,0,0.07142857,0.4005376
23,69,0.4516129,0.25,0.75,0,0,0,0.07142857,0.4005376
23,70,0.4516129,0.25,0.75,0,0,0,0.1428571,0.4005376
23,71,0.4516129,0,0.75,0,0,0,0.07142857,0.4005376
23,72,0.4516129,0.1666667,0.75,1,0,0,0.1666667,0.4005376
23,73,0.4516129,0,0.75,0,0,0,0.0952381,0.4005376
23,74,0.4516129,0.2777778,0.75,1,0,0,0.07142857,0.4005376
23,75,0.4516129,0.4722222,0.75,0,0,0.6666667,0.07142857,0.4005376
23,76,0.4516129,0.1111111,0.75,1,0,0,0.07142857,0.4005376
23,77,0.4516129,0,0.75,0,0,0,0.07142857,0.4005376
23,78,0.4516129,0.25,0.75,0,0,0,0.07142857,0.4005376
23,79,0.4516129,0.3611111,0.75,0,0,0.6666667,0.07142857,0.4005376
23,80,0.4516129,0,0.75,0,0,0,0.07142857,0.4005376
23,81,0.4516129,0.1111111,0.75,1,0,0,0.07142857,0.4005376
23,82,0.4516129,0,0.75,0,0,0,0.07142857,0.4005376
23,83,0.4516129,0.25,0.75,0,0,0,0.07142857,0.4005376
23,84,0.4516129,0.25,0.75,0,0,0,0.07142857,0.4005376
23,85,0.4516129,0.25,0.75,0,0,0.6666667,0.0952381,0.4005376
23,86,0.4516129,0.25,0.75,0,0,0,0.07142857,0.4005376
23,87,0.4516129,0,0.75,0,0,0,0.07142857,0.4005376
23,88,0.4516129,0,0.75,0,0,0,0.07142857,0.4005376
23,89,0.4516129,0,0.75,0,0,0,0.1666667,0.4005376
23,90,0.4516129,0.3611111,0.75,0,0,0.6666667,0.07142857,0.4005376
23,91,0.4516129,0.1111111,0.75,1,0,0,0.07142857,0.4005376
23,92,0.4516129,0,0.75,0,0,0,0.07142857,0.4005376
23,93,0.4516129,0.1111111,0.75,1,0,0,0.1666667,0.4005376
23,94,0.4516129,0.1111111,0.75,1,0,0,0.07142857,0.4005376
23,95,0.4516129,0.25,0.75,0,0,0,0.07142857,0.4005376
23,96,0.4516129,0.25,0.75,0,0,0,0.07142857,0.4005376
23,97,0.4516129,0,0.75,0,0,0,0.07142857,0.4005376
23,98,0.4516129,0.25,0.75,0,0,0,0.07142857,0.4005376
23,99,0.4516129,0,0.75,0,0,0,0.07142857,0.4005376
24,0,0.4516129,0.25,0.75,0,0,0,0.07142857,0.4005376
24,1,0.4516129,0.3611111,0.75,0,0,0.6666667,0.02380952,0.4005376
24,2,0.4516129,0.25,0.75,0,0,0.6666667,0.02380952,0.4005376
24,3,0.4516129,0,0.75,0,0,0,0.07142857,0.4005376
24,4,0.4516129,0,0.75,0,0,0,0.07142857,0.4005376
24,5,0.4516129,0.4166667,0.75,0,0,0.6666667,0.07142857,0.4005376
24,6,0.4516129,0.1111111,0.75,1,0,0,0.1428571,0.4005376
24,7,0.4516129,0,0.75,0,0,0,0.07142857,0.4005376
24,8,0.4516129,0.3055556,0.75,0,0,0.6666667,0.07142857,0.4005376
24,9,0.4516129,0,0.75,0,0,0,0.07142857,0.4005376
24,10,0.4516129,0.2222222,0.75,1,0,0,0.0952381,0.4005376
24,11,0.4516129,0.25,0.75,0,0,0,0.07142857,0.4005376
24,12,0.4516129,0.3055556,0.75,0,0,0.6666667,0.0952381,0.4005376
24,13,0.4516129,0,0.75,0,0,0,0.07142857,0.4005376
24,14,0.4516129,0.25,0.75,0,0,0,0.07142857,0.4005376
24,15,0.4516129,0,0.75,0,0,0,0.07142857,0.4005376
24,16,0.4516129,0.3611111,0.75,0,0,0.6666667,0.07142857,0.4005376
24,17,0.4516129,0,0.75,0,0,0,0.04761905,0.4005376
24,18,0.4516129,0.25,0.75,0,0,0,0.07142857,0.4005376
24,19,0.4516129,0,0.75,0,0,0,0.1666667,0.4005376
24,20,0.4516129,0.25,0.75,0,0,0,0.1666667,0.4005376
24,21,0.4516129,0.25,0.75,0,0,0,0.07142857,0.4005376
24,22,0.4516129,0.25,0.75,0,0,0,0.07142857,0.4005376
24,23,0.4516129,0,0.75,0,0,0,0.07142857,0.4005376
24,24,0.4516129,0,0.75,0,0,0,0.07142857,0.4005376
24,25,0.4516129,0,0.75,0,0,0,0.07142857,0.4005376
24,26,0.4516129,0.2222222,0.75,1,0,0,0.07142857,0.4005376
24,27,0.4516129,0.25,0.75,0,0,0,0.07142857,0.4005376
24,28,0.4516129,0.2777778,0.75,1,0,0,0.07142857,0.4005376
24,29,0.4516129,0.25,0.75,0,0,0,0.07142857,0.4005376
24,30,0.4516129,0,0.75,0,0,0,0.07142857,0.4005376
24,31,0.4516129,0.1666667,0.75,1,0,0,0.07142857,0.4005376
24,32,0.4516129,0,0.75,0,0,0,0.07142857,0.4005376
24,33,0.4516129,0,0.75,0,0,0,0.04761905,0.4005376
24,34,0.4516129,0,0.75,0,0,0,0.07142857,0.4005376
24,35,0.4516129,0.4722222,0.75,0,0,0.6666667,0.07142857,0.4005376
24,36,0.4516129,0.25,0.75,0,0,0,0.1666667,0.4005376
24,37,0.4516129,0,0.75,0,0,0,0.1666667,0.4005376
24,38,0.4516129,0,0.75,0,0,0,0.0952381,0.4005376
24,39,0.4516129,0,0.75,0,0,0,0.0952381,0.4005376
24,40,0.4516129,0.25,0.75,0,0,0,0.07142857,0.4005376
24,41,0.4516129,0,0.75,0,0,0,0.07142857,0.4005376
24,42,0.4516129,0.25,0.75,0,0,0,0.07142857,0.4005376
24,43,0.4516129,0.3611111,0.75,0,0,0.6666667,0.07142857,0.4005376
24,44,0.4516129,0,0.75,0,0,0,0.07142857,0.4005376
24,45,0.4516129,0.1111111,0.75,1,0,0,0.07142857,0.4005376
24,46,0.4516129,0,0.75,0,0,0,0.07142857,0.4005376
24,47,0.4516129,0,0.75,0,0,0,0.07142857,0.4005376
24,48,0.4516129,0,0.75,0,0,0,0.07142857,0.4005376
24,49,0.4516129,0.25,0.75,0,0,0,0.07142857,0.4005376
24,50,0.4516129,0.25,0.75,0,0,0,0.07142857,0.4005376
24,51,0.4516129,0.25,0.75,0,0,0,0.07142857,0.4005376
24,52,0.4516129,0,0.75,0,0,0,0.04761905,0.4005376
24,53,0.4516129,0,0.75,0,0,0,0.04761905,0.4005376
24,54,0.4516129,0.25,0.75,0,0,0,0.07142857,0.4005376
24,55,0.4516129,0.1111111,0.75,1,0,0,0.07142857,0.4005376
24,56,0.4516129,0,0.75,0,0,0,0.1666667,0.4005376
24,57,0.4516129,0.25,0.75,0,0,0,0.0952381,0.4005376
24,58,0.4516129,0.25,0.75,0,0,0,0.07142857,0.4005376
24,59,0.4516129,0,0.75,0,0,0,0.07142857,0.4005376
24,60,0.4516129,0,0.75,0,0,0,0.07142857,0.4005376
24,61,0.4516129,0.25,0.75,0,0,0,0.07142857,0.4005376
24,62,0.4516129,0.25,0.75,0,0,0,0.07142857,0.4005376
24,63,0.4516129,0.1111111,0.75,1,0,0,0.07142857,0.4005376
24,64,0.4516129,0,0.75,0,0,0,0.07142857,0.4005376
24,65,0.4516129,0.25,0.75,0,0,0,0.04761905,0.4005376
24,66,0.4516129,0.25,0.75,0,0,0,0.07142857,0.4005376
24,67,0.4516129,0,0.75,0,0,0,0.07142857,0.4005376
24,68,0.4516129,0,0.75,0,0,0,0.07142857,0.4005376
24,69,0.4516129,0.25,0.75,0,0,0,0.07142857,0.4005376
24,70,0.4516129,0.25,0.75,0,0,0,0.1428571,0.4005376
24,71,0.4516129,0,0.75,0,0,0,0.07142857,0.4005376
24,72,0.4516129,0.1666667,0.75,1,0,0,0.1666667,0.4005376
24,73,0.4516129,0,0.75,0,0,0,0.0952381,0.4005376
24,74,0.4516129,0.2777778,0.75,1,0,0,0.07142857,0.4005376
24,75,0.4516129,0.4722222,0.75,0,0,0.6666667,0.07142857,0.4005376
24,76,0.4516129,0.1111111,0.75,1,0,0,0.07142857,0.4005376
24,77,0.4516129,0,0.75,0,0,0,0.07142857,0.4005376
24,78,0.4516129,0.25,0.75,0,0,0,0.07142857,0.4005376
24,79,0.4516129,0.3611111,0.75,0,0,0.6666667,0.07142857,0.4005376
24,80,0.4516129,0,0.75,0,0,0,0.07142857,0.4005376
24,81,0.4516129,0.1111111,0.75,1,0,0,0.07142857,0.4005376
24,82,0.4516129,0,0.75,0,0,0,0.07142857,0.4005376
24,83,0.4516129,0.25,0.75,0,0,0,0.07142857,0.4005376
24,84,0.4516129,0.25,0.75,0,0,0,0.07142857,0.4005376
24,85,0.4516129,0.25,0.75,0,0,0.6666667,0.0952381,0.4005376
24,86,0.4516129,0.25,0.75,0,0,0,0.07142857,0.4005376
24,87,0.4516129,0,0.75,0,0,0,0.07142857,0.4005376
24,88,0.4516129,0,0.75,0,0,0,0.07142857,0.4005376
24,89,0.4516129,0,0.75,0,0,0,0.1666667,0.4005376
24,90,0.4516129,0.3611111,0.75,0,0,0.6666667,0.07142857,0.4005376
24,91,0.4516129,0.1111111,0.75,1,0,0,0.07142857,0.4005376
24,92,0.4516129,0,0.75,0,0,0,0.07142857,0.4005376
24,93,0.4516129,0.1111111,0.75,1,0,0,0.1666667,0.4005376
24,94,0.4516129,0.1111111,0.75,1,0,0,0.07142857,0.4005376
24,95,0.4516129,0.25,0.75,0,0,0,0.07142857,0.4005376
24,96,0.4516129,0.25,0.75,0,0,0,0.07142857,0.4005376
24,97,0.4516129,0,0.75,0,0,0,0.07142857,0.4005376
24,98,0.4516129,0.25,0.75,0,0,0,0.07142857,0.4005376
24,99,0.4516129,0,0.75,0,0,0,0.07142857,0.4005376
25,0,0.4516129,0.25,0.75,0,0,0,0.07142857,0.4005376
25,1,0.4516129,0.3611111,0.75,0,0,0.6666667,0.02380952,0.4005376
25,2,0.4516129,0.25,0.75,0,0,0.6666667,0.02380952,0.4005376
25,3,0.4516129,0,0.75,0,0,0,0.07142857,0.4005376
25,4,0.4516129,0,0.75,0,0,0,0.07142857,0.4005376
25,5,0.4516129,0.4166667,0.75,0,0,0.6666667,0.07142857,0.4005376
25,6,0.4516129,0.1111111,0.75,1,0,0,0.1428571,0.4005376
25,7,0.4516129,0,0.75,0,0,0,0.07142857,0.4005376
25,8,0.4516129,0.3055556,0.75,0,0,0.6666667,0.07142857,0.4005376
25,9,0.4516129,0,0.75,0,0,0,0.07142857,0.4005376
25,10,0.4516129,0.2222222,0.75,1,0,0,0.0952381,0.4005376
25,11,0.4516129,0.25,0.75,0,0,0,0.07142857,0.4005376
25,12,0.4516129,0.3055556,0.75,0,0,0.6666667,0.0952381,0.4005376
25,13,0.4516129,0,0.75,0,0,0,0.07142857,0.4005376
25,14,0.4516129,0.25,0.75,0,0,0,0.07142857,0.4005376
25,15,0.4516129,0,0.75,0,0,0,0.07142857,0.4005376
25,16,0.4516129,0.3611111,0.75,0,0,0.6666667,0.07142857,0.4005376
25,17,0.4516129,0,0.75,0,0,0,0.04761905,0.4005376
25,18,0.4516129,0.25,0.75,0,0,0,0.07142857,0.4005376
25,19,0.4516129,0,0.75,0,0,0,0.1666667,0.4005376
25,20,0.4516129,0.25,0.75,0,0,0,0.1666667,0.4005376
25,21,0.4516129,0.25,0.75,0,0,0,0.07142857,0.4005376
25,22,0.4516129,0.25,0.75,0,0,0,0.07142857,0.4005376
25,23,0.4516129,0,0.75,0,0,0,0.07142857,0.4005376
25,24,0.4516129,0,0.75,0,0,0,0.07142857,0.4005376
25,25,0.4516129,0,0.75,0,0,0,0.07142857,0.4005376
25,26,0.4516129,0.2222222,0.75,1,0,0,0.07142857,0.4005376
25,27,0.4516129,0.25,0.75,0,0,0,0.07142857,0.4005376
25,28,0.4516129,0.2777778,0.75,1,0,0,0.07142857,0.4005376
25,29,0.4516129,0.25,0.75,0,0,0,0.07142857,0.4005376
25,30,0.4516129,0,0.75,0,0,0,0.07142857,0.4005376
25,31,0.4516129,0.1666667,0.75,1,0,0,0.07142857,0.4005376
25,32,0.4516129,0,0.75,0,0,0,0.07142857,0.4005376
25,33,0.4516129,0,0.75,0,0,0,0.04761905,0.4005376
25,34,0.4516129,0,0.75,0,0,0,0.07142857,0.4005376
25,35,0.4516129,0.4722222,0.75,0,0,0.6666667,0.07142857,0.4005376
25,36,0.4516129,0.25,0.75,0,0,0,0.1666667,0.4005376
25,37,0.4516129,0,0.75,0,0,0,0.1666667,0.4005376
25,38,0.4516129,0,0.75,0,0,0,0.0952381,0.4005376
25,39,0.4516129,0,0.75,0,0,0,0.0952381,0.4005376
25,40,0.4516129,0.25,0.75,0,0,0,0.07142857,0.4005376
25,41,0.4516129,0,0.75,0,0,0,0.07142857,0.4005376
25,42,0.4516129,0.25,0.75,0,0,0,0.07142857,0.4005376
25,43,0.4516129,0.3611111,0.75,0,0,0.6666667,0.07142857,0.4005376
25,44,0.4516129,0,0.75,0,0,0,0.07142857,0.4005376
25,45,0.4516129,0.1111111,0.75,1,0,0,0.07142857,0.4005376
25,46,0.4516129,0,0.75,0,0,0,0.07142857,0.4005376
25,47,0.4516129,0,0.75,0,0,0,0.07142857,0.4005376
25,48,0.4516129,0,0.75,0,0,0,0.07142857,0.4005376
25,49,0.4516129,0.25,0.75,0,0,0,0.07142857,0.4005376
25,50,0.4516129,0.25,0.75,0,0,0,0.07142857,0.4005376
25,51,0.4516129,0.25,0.75,0,0,0,0.07142857,0.4005376
25,52,0.4516129,0,0.75,0,0,0,0.04761905,0.4005376
25,53,0.4516129,0,0.75,0,0,0,0.04761905,0.4005376
25,54,0.4516129,0.25,0.75,0,0,0,0.07142857,0.4005376
25,55,0.4516129,0.1111111,0.75,1,0,0,0.07142857,0.4005376
25,56,0.4516129,0,0.75,0,0,0,0.1666667,0.4005376
25,57,0.4516129,0.25,0.75,0,0,0,0.0952381,0.4005376
25,58,0.4516129,0.25,0.75,0,0,0,0.07142857,0.4005376
25,59,0.4516129,0,0.75,0,0,0,0.07142857,0.4005376
25,60,0.4516129,0,0.75,0,0,0,0.07142857,0.4005376
25,61,0.4516129,0.25,0.75,0,0,0,0.07142857,0.4005376
25,62,0.4516129,0.25,0.75,0,0,0,0.07142857,0.4005376
25,63,0.4516129,0.1111111,0.75,1,0,0,0.07142857,0.4005376
25,64,0.4516129,0,0.75,0,0,0,0.07142857,0.4005376
25,65,0.4516129,0.25,0.75,0,0,0,0.04761905,0.4005376
25,66,0.4516129,0.25,0.75,0,0,0,0.07142857,0.4005376
25,67,0.4516129,0,0.75,0,0,0,0.07142857,0.4005376
25,68,0.4516129,0,0.75,0,0,0,0.07142857,0.4005376
25,69,0.4516129,0.25,0.75,0,0,0,0.07142857,0.4005376
25,70,0.4516129,0.25,0.75,0,0,0,0.1428571,0.4005376
25,71,0.4516129,0,0.75,0,0,0,0.07142857,0.4005376
25,72,0.4516129,0.1666667,0.75,1,0,0,0.1666667,0.4005376
25,73,0.4516129,0,0.75,0,0,0,0.0952381,0.4005376
25,74,0.4516129,0.2777778,0.75,1,0,0,0.07142857,0.4005376
25,75,0.4516129,0.4722222,0.75,0,0,0.6666667,0.07142857,0.4005376
25,76,0.4516129,0.1111111,0.75,1,0,0,0.07142857,0.4005376
25,77,0.4516129,0,0.75,0,0,0,0.07142857,0.4005376
25,78,0.4516129,0.25,0.75,0,0,0,0.07142857,0.4005376
25,79,0.4516129,0.3611111,0.75,0,0,0.6666667,0.07142857,0.4005376
25,80,0.4516129,0,0.75,0,0,0,0.07142857,0.4005376
25,81,0.4516129,0.1111111,0.75,1,0,0,0.07142857,0.4005376
25,82,0.4516129,0,0.75,0,0,0,0.07142857,0.4005376
25,83,0.4516129,0.25,0.75,0,0,0,0.07142857,0.4005376
25,84,0.4516129,0.25,0.75,0,0,0,0.07142857,0.4005376
25,85,0.4516129,0.25,0.75,0,0,0.6666667,0.0952381,0.4005376
25,86,0.4516129,0.25,0.75,0,0,0,0.07142857,0.4005376
25,87,0.4516129,0,0.75,0,0,0,0.07142857,0.4005376
25,88,0.4516129,0,0.75,0,0,0,0.07142857,0.4005376
25,89,0.4516129,0,0.75,0,0,0,0.1666667,0.4005376
25,90,0.4516129,0.3611111,0.75,0,0,0.6666667,0.07142857,0.4005376
25,91,0.4516129,0.1111111,0.75,1,0,0,0.07142857,0.4005376
25,92,0.4516129,0,0.75,0,0,0,0.07142857,0.4005376
25,93,0.4516129,0.1111111,0.75,1,0,0,0.1666667,0.4005376
25,94,0.4516129,0.1111111,0.75,1,0,0,0.07142857,0.4005376
25,95,0.4516129,0.25,0.75,0,0,0,0.07142857,0.4005376
25,96,0.4516129,0.25,0.75,0,0,0,0.07142857,0.4005376
25,97,0.4516129,0,0.75,0,0,0,0.07142857,0.4005376
25,98,0.4516129,0.25,0.75,0,0,0,0.07142857,0.4005376
25,99,0.4516129,0,0.75,0,0,0,0.07142857,0.4005376
26,0,0.4516129,0.25,0.75,0,0,0,0.07142857,0.4005376
26,1,0.4516129,0.3611111,0.75,0,0,0.6666667,0.02380952,0.4005376
26,2,0.4516129,0.25,0.75,0,0,0.6666667,0.02380952,0.4005376
26,3,0.4516129,0,0.75,0,0,0,0.07142857,0.4005376
26,4,0.4516129,0,0.75,0,0,0,0.07142857,0.4005376
26,5,0.4516129,0.4166667,0.75,0,0,0.6666667,0.07142857,0.4005376
26,6,0.4516129,0.1111111,0.75,1,0,0,0.1428571,0.4005376
26,7,0.4516129,0,0.75,0,0,0,0.07142857,0.4005376
26,8,0.4516129,0.3055556,0.75,0,0,0.6666667,0.07142857,0.4005376
26,9,0.4516129,0,0.75,0,0,0,0.07142857,0.4005376
26,10,0.4516129,0.2222222,0.75,1,0,0,0.0952381,0.4005376
26,11,0.4516129,0.25,0.75,0,0,0,0.07142857,0.4005376
26,12,0.4516129,0.3055556,0.75,0,0,0.6666667,0.0952381,0.4005376
26,13,0.4516129,0,0.75,0,0,0,0.07142857,0.4005376
26,14,0.4516129,0.25,0.75,0,0,0,0.07142857,0.4005376
26,15,0.4516129,0,0.75,0,0,0,0.07142857,0.4005376
26,16,0.4516129,0.3611111,0.75,0,0,0.6666667,0.07142857,0.4005376
26,17,0.4516129,0,0.75,0,0,0,0.04761905,0.4005376
26,18,0.4516129,0.25,0.75,0,0,0,0.07142857,0.4005376
26,19,0.4516129,0,0.75,0,0,0,0.1666667,0.4005376
26,20,0.4516129,0.25,0.75,0,0,0,0.1666667,0.4005376
26,21,0.4516129,0.25,0.75,0,0,0,0.07142857,0.4005376
26,22,0.4516129,0.25,0.75,0,0,0,0.07142857,0.4005376
26,23,0.4516129,0,0.75,0,0,0,0.07142857,0.4005376
26,24,0.4516129,0,0.75,0,0,0,0.07142857,0.4005376
26,25,0.4516129,0,0.75,0,0,0,0.07142857,0.4005376
26,26,0.4516129,0.2222222,0.75,1,0,0,0.07142857,0.4005376
26,27,0.4516129,0.25,0.75,0,0,0,0.07142857,0.4005376
26,28,0.4516129,0.2777778,0.75,1,0,0,0.07142857,0.4005376
26,29,0.4516129,0.25,0.75,0,0,0,0.07142857,0.4005376
26,30,0.4516129,0,0.75,0,0,0,0.07142857,0.4005376
26,31,0.4516129,0.1666667,0.75,1,0,0,0.07142857,0.4005376
26,32,0.4516129,0,0.75,0,0,0,0.07142857,0.4005376
26,33,0.4516129,0,0.75,0,0,0,0.04761905,0.4005376
26,34,0.4516129,0,0.75,0,0,0,0.07142857,0.4005376
26,35,0.4516129,0.4722222,0.75,0,0,0.6666667,0.07142857,0.4005376
26,36,0.4516129,0.25,0.75,0,0,0,0.1666667,0.4005376
26,37,0.4516129,0,0.75,0,0,0,0.1666667,0.4005376
26,38,0.4516129,0,0.75,0,0,0,0.0952381,0.4005376
26,39,0.4516129,0,0.75,0,0,0,0.0952381,0.4005376
26,40,0.4516129,0.25,0.75,0,0,0,0.07142857,0.4005376
26,41,0.4516129,0,0.75,0,0,0,0.07142857,0.4005376
26,42,0.4516129,0.25,0.75,0,0,0,0.07142857,0.4005376
26,43,0.4516129,0.3611111,0.75,0,0,0.6666667,0.07142857,0.4005376
26,44,0.4516129,0,0.75,0,0,0,0.07142857,0.4005376
26,45,0.4516129,0.1111111,0.75,1,0,0,0.07142857,0.4005376
26,46,0.4516129,0,0.75,0,0,0,0.07142857,0.4005376
26,47,0.4516129,0,0.75,0,0,0,0.07142857,0.4005376
26,48,0.4516129,0,0.75,0,0,0,0.07142857,0.4005376
26,49,0.4516129,0.25,0.75,0,0,0,0.07142857,0.4005376
26,50,0.4516129,0.25,0.75,0,0,0,0.07142857,0.4005376
26,51,0.4516129,0.25,0.75,0,0,0,0.07142857,0.4005376
26,52,0.4516129,0,0.75,0,0,0,0.04761905,0.4005376
26,53,0.4516129,0,0.75,0,0,0,0.04761905,0.4005376
26,54,0.4516129,0.25,0.75,0,0,0,0.07142857,0.4005376
26,55,0.4516129,0.1111111,0.75,1,0,0,0.07142857,0.4005376
26,56,0.4516129,0,0.75,0,0,0,0.1666667,0.4005376
26,57,0.4516129,0.25,0.75,0,0,0,0.0952381,0.4005376
26,58,0.4516129,0.25,0.75,0,0,0,0.07142857,0.4005376
26,59,0.4516129,0,0.75,0,0,0,0.07142857,0.4005376
26,60,0.4516129,0,0.75,0,0,0,0.07142857,0.4005376
26,61,0.4516129,0.25,0.75,0,0,0,0.07142857,0.4005376
26,62,0.4516129,0.25,0.75,0,0,0,0.07142857,0.4005376
26,63,0.4516129,0.1111111,0.75,1,0,0,0.07142857,0.4005376
26,64,0.4516129,0,0.75,0,0,0,0.07142857,0.4005376
26,65,0.4516129,0.25,0.75,0,0,0,0.04761905,0.4005376
26,66,0.4516129,0.25,0.75,0,0,0,0.07142857,0.4005376
26,67,0.4516129,0,0.75,0,0,0,0.07142857,0.4005376
26,68,0.4516129,0,0.75,0,0,0,0.07142857,0.4005376
26,69,0.4516129,0.25,0.75,0,0,0,0.07142857,0.4005376
26,70,0.4516129,0.25,0.75,0,0,0,0.1428571,0.4005376
26,71,0.4516129,0,0.75,0,0,0,0.07142857,0.4005376
26,72,0.4516129,0.1666667,0.75,1,0,0,0.1666667,0.4005376
26,73,0.4516129,0,0.75,0,0,0,0.0952381,0.4005376
26,74,0.4516129,0.2777778,0.75,1,0,0,0.07142857,0.4005376
26,75,0.4516129,0.4722222,0.75,0,0,0.6666667,0.07142857,0.4005376
26,76,0.4516129,0.1111111,0.75,1,0,0,0.07142857,0.4005376
26,77,0.4516129,0,0.75,0,0,0,0.07142857,0.4005376
26,78,0.4516129,0.25,0.75,0,0,0,0.07142857,0.4005376
26,79,0.4516129,0.3611111,0.75,0,0,0.6666667,0.07142857,0.4005376
26,80,0.4516129,0,0.75,0,0,0,0.07142857,0.4005376
26,81,0.4516129,0.1111111,0.75,1,0,0,0.07142857,0.4005376
26,82,0.4516129,0,0.75,0,0,0,0.07142857,0.4005376
26,83,0.4516129,0.25,0.75,0,0,0,0.07142857,0.4005376
26,84,0.4516129,0.25,0.75,0,0,0,0.07142857,0.4005376
26,85,0.4516129,0.25,0.75,0,0,0.6666667,0.0952381,0.4005376
26,86,0.4516129,0.25,0.75,0,0,0,0.07142857,0.4005376
26,87,0.4516129,0,0.75,0,0,0,0.07142857,0.4005376
26,88,0.4516129,0,0.75,0,0,0,0.07142857,0.4005376
26,89,0.4516129,0,0.75,0,0,0,0.1666667,0.4005376
26,90,0.4516129,0.3611111,0.75,0,0,0.6666667,0.07142857,0.4005376
26,91,0.4516129,0.1111111,0.75,1,0,0,0.07142857,0.4005376
26,92,0.4516129,0,0.75,0,0,0,0.07142857,0.4005376
26,93,0.4516129,0.1111111,0.75,1,0,0,0.1666667,0.4005376
26,94,0.4516129,0.1111111,0.75,1,0,0,0.07142857,0.4005376
26,95,0.4516129,0.25,0.75,0,0,0,0.07142857,0.4005376
26,96,0.4516129,0.25,0.75,0,0,0,0.07142857,0.4005376
26,97,0.4516129,0,0.75,0,0,0,0.07142857,0.4005376
26,98,0.4516129,0.25,0.75,0,0,0,0.07142857,0.4005376
26,99,0.4516129,0,0.75,0,0,0,0.07142857,0.4005376
27,0,0.4516129,0.25,0.75,0,0,0,0.07142857,0.4005376
27,1,0.4516129,0.3611111,0.75,0,0,0.6666667,0.02380952,0.4005376
27,2,0.4516129,0.25,0.75,0,0,0.6666667,0.02380952,0.4005376
27,3,0.4516129,0,0.75,0,0,0,0.07142857,0.4005376
27,4,0.4516129,0,0.75,0,0,0,0.07142857,0.4005376
27,5,0.4516129,0.4166667,0.75,0,0,0.6666667,0.07142857,0.4005376
27,6,0.4516129,0.1111111,0.75,1,0,0,0.1428571,0.4005376
27,7,0.4516129,0,0.75,0,0,0,0.07142857,0.4005376
27,8,0.4516129,0.3055556,0.75,0,0,0.6666667,0.07142857,0.4005376
27,9,0.4516129,0,0.75,0,0,0,0.07142857,0.4005376
27,10,0.4516129,0.2222222,0.75,1,0,0,0.0952381,0.4005376
27,11,0.4516129,0.25,0.75,0,0,0,0.07142857,0.4005376
27,12,0.4516129,0.3055556,0.75,0,0,0.6666667,0.0952381,0.4005376
27,13,0.4516129,0,0.75,0,0,0,0.07142857,0.4005376
27,14,0.4516129,0.25,0.75,0,0,0,0.07142857,0.4005376
27,15,0.4516129,0,0.75,0,0,0,0.07142857,0.4005376
27,16,0.4516129,0.3611111,0.75,0,0,0.6666667,0.07142857,0.4005376
27,17,0.4516129,0,0.75,0,0,0,0.04761905,0.4005376
27,18,0.4516129,0.25,0.75,0,0,0,0.07142857,0.4005376
27,19,0.4516129,0,0.75,0,0,0,0.1666667,0.4005376
27,20,0.4516129,0.25,0.75,0,0,0,0.1666667,0.4005376
27,21,0.4516129,0.25,0.75,0,0,0,0.07142857,0.4005376
27,22,0.4516129,0.25,0.75,0,0,0,0.07142857,0.4005376
27,23,0.4516129,0,0.75,0,0,0,0.07142857,0.4005376
27,24,0.4516129,0,0.75,0,0,0,0.07142857,0.4005376
27,25,0.4516129,0,0.75,0,0,0,0.07142857,0.4005376
27,26,0.4516129,0.2222222,0.75,1,0,0,0.07142857,0.4005376
27,27,0.4516129,0.25,0.75,0,0,0,0.07142857,0.4005376
27,28,0.4516129,0.2777778,0.75,1,0,0,0.07142857,0.4005376
27,29,0.4516129,0.25,0.75,0,0,0,0.07142857,0.4005376
27,30,0.4516129,0,0.75,0,0,0,0.07142857,0.4005376
27,31,0.4516129,0.1666667,0.75,1,0,0,0.07142857,0.4005376
27,32,0.4516129,0,0.75,0,0,0,0.07142857,0.4005376
27,33,0.4516129,0,0.75,0,0,0,0.04761905,0.4005376
27,34,0.4516129,0,0.75,0,0,0,0.07142857,0.4005376
27,35,0.4516129,0.4722222,0.75,0,0,0.6666667,0.07142857,0.4005376
27,36,0.4516129,0.25,0.75,0,0,0,0.1666667,0.4005376
27,37,0.4516129,0,0.75,0,0,0,0.1666667,0.4005376
27,38,0.4516129,0,0.75,0,0,0,0.0952381,0.4005376
27,39,0.4516129,0,0.75,0,0,0,0.0952381,0.4005376
27,40,0.4516129,0.25,0.75,0,0,0,0.07142857,0.4005376
27,41,0.4516129,0,0.75,0,0,0,0.07142857,0.4005376
27,42,0.4516129,0.25,0.75,0,0,0,0.07142857,0.4005376
27,43,0.4516129,0.3611111,0.75,0,0,0.6666667,0.07142857,0.4005376
27,44,0.4516129,0,0.75,0,0,0,0.07142857,0.4005376
27,45,0.4516129,0.1111111,0.75,1,0,0,0.07142857,0.4005376
27,46,0.4516129,0,0.75,0,0,0,0.07142857,0.4005376
27,47,0.4516129,0,0.75,0,0,0,0.07142857,0.4005376
27,48,0.4516129,0,0.75,0,0,0,0.07142857,0.4005376
27,49,0.4516129,0.25,0.75,0,0,0,0.07142857,0.4005376
27,50,0.4516129,0.25,0.75,0,0,0,0.07142857,0.4005376
27,51,0.4516129,0.25,0.75,0,0,0,0.07142857,0.4005376
27,52,0.4516129,0,0.75,0,0,0,0.04761905,0.4005376
27,53,0.4516129,0,0.75,0,0,0,0.04761905,0.4005376
27,54,0.4516129,0.25,0.75,0,0,0,0.07142857,0.4005376
27,55,0.4516129,0.1111111,0.75,1,0,0,0.07142857,0.4005376
27,56,0.4516129,0,0.75,0,0,0,0.1666667,0.4005376
27,57,0.4516129,0.25,0.75,0,0,0,0.0952381,0.4005376
27,58,0.4516129,0.25,0.75,0,0,0,0.07142857,0.4005376
27,59,0.4516129,0,0.75,0,0,0,0.07142857,0.4005376
27,60,0.4516129,0,0.75,0,0,0,0.07142857,0.4005376
27,61,0.4516129,0.25,0.75,0,0,0,0.07142857,0.4005376
27,62,0.4516129,0.25,0.75,0,0,0,0.07142857,0.4005376
27,63,0.4516129,0.1111111,0.75,1,0,0,0.07142857,0.4005376
27,64,0.4516129,0,0.75,0,0,0,0.07142857,0.4005376
27,65,0.4516129,0.25,0.75,0,0,0,0.04761905,0.4005376
27,66,0.4516129,0.25,0.75,0,0,0,0.07142857,0.4005376
27,67,0.4516129,0,0.75,0,0,0,0.07142857,0.4005376
27,68,0.4516129,0,0.75,0,0,0,0.07142857,0.4005376
27,69,0.4516129,0.25,0.75,0,0,0,0.07142857,0.4005376
27,70,0.4516129,0.25,0.75,0,0,0,0.1428571,0.4005376
27,71,0.4516129,0,0.75,0,0,0,0.07142857,0.4005376
27,72,0.4516129,0.1666667,0.75,1,0,0,0.1666667,0.4005376
27,73,0.4516129,0,0.75,0,0,0,0.0952381,0.4005376
27,74,0.4516129,0.2777778,0.75,1,0,0,0.07142857,0.4005376
27,75,0.4516129,0.4722222,0.75,0,0,0.6666667,0.07142857,0.4005376
27,76,0.4516129,0.1111111,0.75,1,0,0,0.07142857,0.4005376
27,77,0.4516129,0,0.75,0,0,0,0.07142857,0.4005376
27,78,0.4516129,0.25,0.75,0,0,0,0.07142857,0.4005376
27,79,0.4516129,0.3611111,0.75,0,0,0.6666667,0.07142857,0.4005376
27,80,0.4516129,0,0.75,0,0,0,0.07142857,0.4005376
27,81,0.4516129,0.1111111,0.75,1,0,0,0.07142857,0.4005376
27,82,0.4516129,0,0.75,0,0,0,0.07142857,0.4005376
27,83,0.4516129,0.25,0.75,0,0,0,0.07142857,0.4005376
27,84,0.4516129,0.25,0.75,0,0,0,0.07142857,0.4005376
27,85,0.4516129,0.25,0.75,0,0,0.6666667,0.0952381,0.4005376
27,86,0.4516129,0.25,0.75,0,0,0,0.07142857,0.4005376
27,87,0.4516129,0,0.75,0,0,0,0.07142857,0.4005376
27,88,0.4516129,0,0.75,0,0,0,0.07142857,0.4005376
27,89,0.4516129,0,0.75,0,0,0,0.1666667,0.4005376
27,90,0.4516129,0.3611111,0.75,0,0,0.6666667,0.07142857,0.4005376
27,91,0.4516129,0.1111111,0.75,1,0,0,0.07142857,0.4005376
27,92,0.4516129,0,0.75,0,0,0,0.07142857,0.4005376
27,93,0.4516129,0.1111111,0.75,1,0,0,0.1666667,0.4005376
27,94,0.4516129,0.1111111,0.75,1,0,0,0.07142857,0.4005376
27,95,0.4516129,0.25,0.75,0,0,0,0.07142857,0.4005376
27,96,0.4516129,0.25,0.75,0,0,0,0.07142857,0.4005376
27,97,0.4516129,0,0.75,0,0,0,0.07142857,0.4005376
27,98,0.4516129,0.25,0.75,0,0,0,0.07142857,0.4005376
27,99,0.4516129,0,0.75,0,0,0,0.07142857,0.4005376
28,0,0.4516129,0.25,0.75,0,0,0,0.07142857,0.4005376
28,1,0.4516129,0.3611111,0.75,0,0,0.6666667,0.02380952,0.4005376
28,2,0.4516129,0.25,0.75,0,0,0.6666667,0.02380952,0.4005376
28,3,0.4516129,0,0.75,0,0,0,0.07142857,0.4005376
28,4,0.4516129,0,0.75,0,0,0,0.07142857,0.4005376
28,5,0.4516129,0.4166667,0.75,0,0,0.6666667,0.07142857,0.4005376
28,6,0.4516129,0.1111111,0.75,1,0,0,0.1428571,0.4005376
28,7,0.4516129,0,0.75,0,0,0,0.07142857,0.4005376
28,8,0.4516129,0.3055556,0.75,0,0,0.6666667,0.07142857,0.4005376
28,9,0.4516129,0,0.75,0,0,0,0.07142857,0.4005376
28,10,0.4516129,0.2222222,0.75,1,0,0,0.0952381,0.4005376
28,11,0.4516129,0.25,0.75,0,0,0,0.07142857,0.4005376
28,12,0.4516129,0.3055556,0.75,0,0,0.6666667,0.0952381,0.4005376
28,13,0.4516129,0,0.75,0,0,0,0.07142857,0.4005376
28,14,0.4516129,0.25,0.75,0,0,0,0.07142857,0.4005376
28,15,0.4516129,0,0.75,0,0,0,0.07142857,0.4005376
28,16,0.4516129,0.3611111,0.75,0,0,0.6666667,0.07142857,0.4005376
28,17,0.4516129,0,0.75,0,0,0,0.04761905,0.4005376
28,18,0.4516129,0.25,0.75,0,0,0,0.07142857,0.4005376
28,19,0.4516129,0,0.75,0,0,0,0.1666667,0.4005376
28,20,0.4516129,0.25,0.75,0,0,0,0.1666667,0.4005376
28,21,0.4516129,0.25,0.75,0,0,0,0.07142857,0.4005376
28,22,0.4516129,0.25,0.75,0,0,0,0.07142857,0.4005376
28,23,0.4516129,0,0.75,0,0,0,0.07142857,0.4005376
28,24,0.4516129,0,0.75,0,0,0,0.07142857,0.4005376
28,25,0.4516129,0,0.75,0,0,0,0.07142857,0.4005376
28,26,0.4516129,0.2222222,0.75,1,0,0,0.07142857,0.4005376
28,27,0.4516129,0.25,0.75,0,0,0,0.07142857,0.4005376
28,28,0.4516129,0.2777778,0.75,1,0,0,0.07142857,0.4005376
28,29,0.4516129,0.25,0.75,0,0,0,0.07142857,0.4005376
28,30,0.4516129,0,0.75,0,0,0,0.07142857,0.4005376
28,31,0.4516129,0.1666667,0.75,1,0,0,0.07142857,0.4005376
28,32,0.4516129,0,0.75,0,0,0,0.07142857,0.4005376
28,33,0.4516129,0,0.75,0,0,0,0.04761905,0.4005376
28,34,0.4516129,0,0.75,0,0,0,0.07142857,0.4005376
28,35,0.4516129,0.4722222,0.75,0,0,0.6666667,0.07142857,0.4005376
28,36,0.4516129,0.25,0.75,0,0,0,0.1666667,0.4005376
28,37,0.4516129,0,0.75,0,0,0,0.1666667,0.4005376
28,38,0.4516129,0,0.75,0,0,0,0.0952381,0.4005376
28,39,0.4516129,0,0.75,0,0,0,0.0952381,0.4005376
28,40,0.4516129,0.25,0.75,0,0,0,0.07142857,0.4005376
28,41,0.4516129,0,0.75,0,0,0,0.07142857,0.4005376
28,42,0.4516129,0.25,0.75,0,0,0,0.07142857,0.4005376
28,43,0.4516129,0.3611111,0.75,0,0,0.6666667,0.07142857,0.4005376
28,44,0.4516129,0,0.75,0,0,0,0.07142857,0.4005376
28,45,0.4516129,0.1111111,0.75,1,0,0,0.07142857,0.4005376
28,46,0.4516129,0,0.75,0,0,0,0.07142857,0.4005376
28,47,0.4516129,0,0.75,0,0,0,0.07142857,0.4005376
28,48,0.4516129,0,0.75,0,0,0,0.07142857,0.4005376
28,49,0.4516129,0.25,0.75,0,0,0,0.07142857,0.4005376
28,50,0.4516129,0.25,0.75,0,0,0,0.07142857,0.4005376
28,51,0.4516129,0.25,0.75,0,0,0,0.07142857,0.4005376
28,52,0.4516129,0,0.75,0,0,0,0.04761905,0.4005376
28,53,0.4516129,0,0.75,0,0,0,0.04761905,0.4005376
28,54,0.4516129,0.25,0.75,0,0,0,0.07142857,0.4005376
28,55,0.4516129,0.1111111,0.75,1,0,0,0.07142857,0.4005376
28,56,0.4516129,0,0.75,0,0,0,0.1666667,0.4005376
28,57,0.4516129,0.25,0.75,0,0,0,0.0952381,0.4005376
28,58,0.4516129,0.25,0.75,0,0,0,0.07142857,0.4005376
28,59,0.4516129,0,0.75,0,0,0,0.07142857,0.4005376
28,60,0.4516129,0,0.75,0,0,0,0.07142857,0.4005376
28,61,0.4516129,0.25,0.75,0,0,0,0.07142857,0.4005376
28,62,0.4516129,0.25,0.75,0,0,0,0.07142857,0.4005376
28,63,0.4516129,0.1111111,0.75,1,0,0,0.07142857,0.4005376
28,64,0.4516129,0,0.75,0,0,0,0.07142857,0.4005376
28,65,0.4516129,0.25,0.75,0,0,0,0.04761905,0.4005376
28,66,0.4516129,0.25,0.75,0,0,0,0.07142857,0.4005376
28,67,0.4516129,0,0.75,0,0,0,0.07142857,0.4005376
28,68,0.4516129,0,0.75,0,0,0,0.07142857,0.4005376
28,69,0.4516129,0.25,0.75,0,0,0,0.07142857,0.4005376
28,70,0.4516129,0.25,0.75,0,0,0,0.1428571,0.4005376
28,71,0.4516129,0,0.75,0,0,0,0.07142857,0.4005376
28,72,0.4516129,0.1666667,0.75,1,0,0,0.1666667,0.4005376
28,73,0.4516129,0,0.75,0,0,0,0.0952381,0.4005376
28,74,0.4516129,0.2777778,0.75,1,0,0,0.07142857,0.4005376
28,75,0.4516129,0.4722222,0.75,0,0,0.6666667,0.07142857,0.4005376
28,76,0.4516129,0.1111111,0.75,1,0,0,0.07142857,0.4005376
28,77,0.4516129,0,0.75,0,0,0,0.07142857,0.4005376
28,78,0.4516129,0.25,0.75,0,0,0,0.07142857,0.4005376
28,79,0.4516129,0.3611111,0.75,0,0,0.6666667,0.07142857,0.4005376
28,80,0.4516129,0,0.75,0,0,0,0.07142857,0.4005376
28,81,0.4516129,0.1111111,0.75,1,0,0,0.07142857,0.4005376
28,82,0.4516129,0,0.75,0,0,0,0.07142857,0.4005376
28,83,0.4516129,0.25,0.75,0,0,0,0.07142857,0.4005376
28,84,0.4516129,0.25,0.75,0,0,0,0.07142857,0.4005376
28,85,0.4516129,0.25,0.75,0,0,0.6666667,0.0952381,0.4005376
28,86,0.4516129,0.25,0.75,0,0,0,0.07142857,0.4005376
28,87,0.4516129,0,0.75,0,0,0,0.07142857,0.4005376
28,88,0.4516129,0,0.75,0,0,0,0.07142857,0.4005376
28,89,0.4516129,0,0.75,0,0,0,0.1666667,0.4005376
28,90,0.4516129,0.3611111,0.75,0,0,0.6666667,0.07142857,0.4005376
28,91,0.4516129,0.1111111,0.75,1,0,0,0.07142857,0.4005376
28,92,0.4516129,0,0.75,0,0,0,0.07142857,0.4005376
28,93,0.4516129,0.1111111,0.75,1,0,0,0.1666667,0.4005376
28,94,0.4516129,0.1111111,0.75,1,0,0,0.07142857,0.4005376
28,95,0.4516129,0.25,0.75,0,0,0,0.07142857,0.4005376
28,96,0.4516129,0.25,0.75,0,0,0,0.07142857,0.4005376
28,97,0.4516129,0,0.75,0,0,0,0.07142857,0.4005376
28,98,0.4516129,0.25,0.75,0,0,0,0.07142857,0.4005376
28,99,0.4516129,0,0.75,0,0,0,0.07142857,0.4005376
29,0,0.4516129,0.25,0.75,0,0,0,0.07142857,0.4005376
29,1,0.4516129,0.3611111,0.75,0,0,0.6666667,0.02380952,0.4005376
29,2,0.4516129,0.25,0.75,0,0,0.6666667,0.02380952,0.4005376
29,3,0.4516129,0,0.75,0,0,0,0.07142857,0.4005376
29,4,0.4516129,0,0.75,0,0,0,0.07142857,0.4005376
29,5,0.4516129,0.4166667,0.75,0,0,0.6666667,0.07142857,0.4005376
29,6,0.4516129,0.1111111,0.75,1,0,0,0.1428571,0.4005376
29,7,0.4516129,0,0.75,0,0,0,0.07142857,0.4005376
29,8,0.4516129,0.3055556,0.75,0,0,0.6666667,0.07142857,0.4005376
29,9,0.4516129,0,0.75,0,0,0,0.07142857,0.4005376
29,10,0.4516129,0.2222222,0.75,1,0,0,0.0952381,0.4005376
29,11,0.4516129,0.25,0.75,0,0,0,0.07142857,0.4005376
29,12,0.4516129,0.3055556,0.75,0,0,0.6666667,0.0952381,0.4005376
29,13,0.4516129,0,0.75,0,0,0,0.07142857,0.4005376
29,14,0.4516129,0.25,0.75,0,0,0,0.07142857,0.4005376
29,15,0.4516129,0,0.75,0,0,0,0.07142857,0.4005376
29,16,0.4516129,0.3611111,0.75,0,0,0.6666667,0.07142857,0.4005376
29,17,0.4516129,0,0.75,0,0,0,0.04761905,0.4005376
29,18,0.4516129,0.25,0.75,0,0,0,0.07142857,0.4005376
29,19,0.4516129,0,0.75,0,0,0,0.1666667,0.4005376
29,20,0.4516129,0.25,0.75,0,0,0,0.1666667,0.4005376
29,21,0.4516129,0.25,0.75,0,0,0,0.07142857,0.4005376
29,22,0.4516129,0.25,0.75,0,0,0,0.07142857,0.4005376
29,23,0.4516129,0,0.75,0,0,0,0.07142857,0.4005376
29,24,0.4516129,0,0.75,0,0,0,0.07142857,0.4005376
29,25,0.4516129,0,0.75,0,0,0,0.07142857,0.4005376
29,26,0.4516129,0.2222222,0.75,1,0,0,0.07142857,0.4005376
29,27,0.4516129,0.25,0.75,0,0,0,0.07142857,0.4005376
29,28,0.4516129,0.2777778,0.75,1,0,0,0.07142857,0.4005376
29,29,0.4516129,0.25,0.75,0,0,0,0.07142857,0.4005376
29,30,0.4516129,0,0.75,0,0,0,0.07142857,0.4005376
29,31,0.4516129,0.1666667,0.75,1,0,0,0.07142857,0.4005376
29,32,0.4516129,0,0.75,0,0,0,0.07142857,0.4005376
29,33,0.4516129,0,0.75,0,0,0,0.04761905,0.4005376
29,34,0.4516129,0,0.75,0,0,0,0.07142857,0.4005376
29,35,0.4516129,0.4722222,0.75,0,0,0.6666667,0.07142857,0.4005376
29,36,0.4516129,0.25,0.75,0,0,0,0.1666667,0.4005376
29,37,0.4516129,0,0.75,0,0,0,0.1666667,0.4005376
29,38,0.4516129,0,0.75,0,0,0,0.0952381,0.4005376
29,39,0.4516129,0,0.75,0,0,0,0.0952381,0.4005376
29,40,0.4516129,0.25,0.75,0,0,0,0.07142857,0.4005376
29,41,0.4516129,0,0.75,0,0,0,0.07142857,0.4005376
29,42,0.4516129,0.25,0.75,0,0,0,0.07142857,0.4005376
29,43,0.4516129,0.3611111,0.75,0,0,0.6666667,0.07142857,0.4005376
29,44,0.4516129,0,0.75,0,0,0,0.07142857,0.4005376
29,45,0.4516129,0.1111111,0.75,1,0,0,0.07142857,0.4005376
29,46,0.4516129,0,0.75,0,0,0,0.07142857,0.4005376
29,47,0.4516129,0,0.75,0,0,0,0.07142857,0.4005376
29,48,0.4516129,0,0.75,0,0,0,0.07142857,0.4005376
29,49,0.4516129,0.25,0.75,0,0,0,0.07142857,0.4005376
29,50,0.4516129,0.25,0.75,0,0,0,0.07142857,0.4005376
29,51,0.4516129,0.25,0.75,0,0,0,0.07142857,0.4005376
29,52,0.4516129,0,0.75,0,0,0,0.04761905,0.4005376
29,53,0.4516129,0,0.75,0,0,0,0.04761905,0.4005376
29,54,0.4516129,0.25,0.75,0,0,0,0.07142857,0.4005376
29,55,0.4516129,0.1111111,0.75,1,0,0,0.07142857,0.4005376
29,56,0.4516129,0,0.75,0,0,0,0.1666667,0.4005376
29,57,0.4516129,0.25,0.75,0,0,0,0.0952381,0.4005376
29,58,0.4516129,0.25,0.75,0,0,0,0.07142857,0.4005376
29,59,0.4516129,0,0.75,0,0,0,0.07142857,0.4005376
29,60,0.4516129,0,0.75,0,0,0,0.07142857,0.4005376
29,61,0.4516129,0.25,0.75,0,0,0,0.07142857,0.4005376
29,62,0.4516129,0.25,0.75,0,0,0,0.07142857,0.4005376
29,63,0.4516129,0.1111111,0.75,1,0,0,0.07142857,0.4005376
29,64,0.4516129,0,0.75,0,0,0,0.07142857,0.4005376
29,65,0.4516129,0.25,0.75,0,0,0,0.04761905,0.4005376
29,66,0.4516129,0.25,0.75,0,0,0,0.07142857,0.4005376
29,67,0.4516129,0,0.75,0,0,0,0.07142857,0.4005376
29,68,0.4516129,0,0.75,0,0,0,0.07142857,0.4005376
29,69,0.4516129,0.25,0.75,0,0,0,0.07142857,0.4005376
29,70,0.4516129,0.25,0.75,0,0,0,0.1428571,0.4005376
29,71,0.4516129,0,0.75,0,0,0,0.07142857,0.4005376
29,72,0.4516129,0.1666667,0.75,1,0,0,0.1666667,0.4005376
29,73,0.4516129,0,0.75,0,0,0,0.0952381,0.4005376
29,74,0.4516129,0.2777778,0.75,1,0,0,0.07142857,0.4005376
29,75,0.4516129,0.4722222,0.75,0,0,0.6666667,0.07142857,0.4005376
29,76,0.4516129,0.1111111,0.75,1,0,0,0.07142857,0.4005376
29,77,0.4516129,0,0.75,0,0,0,0.07142857,0.4005376
29,78,0.4516129,0.25,0.75,0,0,0,0.07142857,0.4005376
29,79,0.4516129,0.3611111,0.75,0,0,0.6666667,0.07142857,0.4005376
29,80,0.4516129,0,0.75,0,0,0,0.07142857,0.4005376
29,81,0.4516129,0.1111111,0.75,1,0,0,0.07142857,0.4005376
29,82,0.4516129,0,0.75,0,0,0,0.07142857,0.4005376
29,83,0.4516129,0.25,0.75,0,0,0,0.07142857,0.4005376
29,84,0.4516129,0.25,0.75,0,0,0,0.07142857,0.4005376
29,85,0.4516129,0.25,0.75,0,0,0.6666667,0.0952381,0.4005376
29,86,0.4516129,0.25,0.75,0,0,0,0.07142857,0.4005376
29,87,0.4516129,0,0.75,0,0,0,0.07142857,0.4005376
29,88,0.4516129,0,0.75,0,0,0,0.07142857,0.4005376
29,89,0.4516129,0,0.75,0,0,0,0.1666667,0.4005376
29,90,0.4516129,0.3611111,0.75,0,0,0.6666667,0.07142857,0.4005376
29,91,0.4516129,0.1111111,0.75,1,0,0,0.07142857,0.4005376
29,92,0.4516129,0,0.75,0,0,0,0.07142857,0.4005376
29,93,0.4516129,0.1111111,0.75,1,0,0,0.1666667,0.4005376
29,94,0.4516129,0.1111111,0.75,1,0,0,0.07142857,0.4005376
29,95,0.4516129,0.25,0.75,0,0,0,0.07142857,0.4005376
29,96,0.4516129,0.25,0.75,0,0,0,0.07142857,0.4005376
29,97,0.4516129,0,0.75,0,0,0,0.07142857,0.4005376
29,98,0.4516129,0.25,0.75,0,0,0,0.07142857,0.4005376
29,99,0.4516129,0,0.75,0,0,0,0.07142857,0.4005376
30,0,0.4516129,0.25,0.75,0,0,0,0.07142857,0.4005376
30,1,0.4516129,0.3611111,0.75,0,0,0.6666667,0.02380952,0.4005376
30,2,0.4516129,0.25,0.75,0,0,0.6666667,0.02380952,0.4005376
30,3,0.4516129,0,0.75,0,0,0,0.07142857,0.4005376
30,4,0.4516129,0,0.75,0,0,0,0.07142857,0.4005376
30,5,0.4516129,0.4166667,0.75,0,0,0.6666667,0.07142857,0.4005376
30,6,0.4516129,0.1111111,0.75,1,0,0,0.1428571,0.4005376
30,7,0.4516129,0,0.75,0,0,0,0.07142857,0.4005376
30,8,0.4516129,0.3055556,0.75,0,0,0.6666667,0.07142857,0.4005376
30,9,0.4516129,0,0.75,0,0,0,0.07142857,0.4005376
30,10,0.4516129,0.2222222,0.75,1,0,0,0.0952381,0.4005376
30,11,0.4516129,0.25,0.75,0,0,0,0.07142857,0.4005376
30,12,0.4516129,0.3055556,0.75,0,0,0.6666667,0.0952381,0.4005376
30,13,0.4516129,0,0.75,0,0,0,0.07142857,0.4005376
30,14,0.4516129,0.25,0.75,0,0,0,0.07142857,0.4005376
30,15,0.4516129,0,0.75,0,0,0,0.07142857,0.4005376
30,16,0.4516129,0.3611111,0.75,0,0,0.6666667,0.07142857,0.4005376
30,17,0.4516129,0,0.75,0,0,0,0.04761905,0.4005376
30,18,0.4516129,0.25,0.75,0,0,0,0.07142857,0.4005376
30,19,0.4516129,0,0.75,0,0,0,0.1666667,0.4005376
30,20,0.4516129,0.25,0.75,0,0,0,0.1666667,0.4005376
30,21,0.4516129,0.25,0.75,0,0,0,0.07142857,0.4005376
30,22,0.4516129,0.25,0.75,0,0,0,0.07142857,0.4005376
30,23,0.4516129,0,0.75,0,0,0,0.07142857,0.4005376
30,24,0.4516129,0,0.75,0,0,0,0.07142857,0.4005376
30,25,0.4516129,0,0.75,0,0,0,0.07142857,0.4005376
30,26,0.4516129,0.2222222,0.75,1,0,0,0.07142857,0.4005376
30,27,0.4516129,0.25,0.75,0,0,0,0.07142857,0.4005376
30,28,0.4516129,0.2777778,0.75,1,0,0,0.07142857,0.4005376
30,29,0.4516129,0.25,0.75,0,0,0,0.07142857,0.4005376
30,30,0.4516129,0,0.75,0,0,0,0.07142857,0.4005376
30,31,0.4516129,0.1666667,0.75,1,0,0,0.07142857,0.4005376
30,32,0.4516129,0,0.75,0,0,0,0.07142857,0.4005376
30,33,0.4516129,0,0.75,0,0,0,0.04761905,0.4005376
30,34,0.4516129,0,0.75,0,0,0,0.07142857,0.4005376
30,35,0.4516129,0.4722222,0.75,0,0,0.6666667,0.07142857,0.4005376
30,36,0.4516129,0.25,0.75,0,0,0,0.1666667,0.4005376
30,37,0.4516129,0,0.75,0,0,0,0.1666667,0.4005376
30,38,0.4516129,0,0.75,0,0,0,0.0952381,0.4005376
30,39,0.4516129,0,0.75,0,0,0,0.0952381,0.4005376
30,40,0.4516129,0.25,0.75,0,0,0,0.07142857,0.4005376
30,41,0.4516129,0,0.75,0,0,0,0.07142857,0.4005376
30,42,0.4516129,0.25,0.75,0,0,0,0.07142857,0.4005376
30,43,0.4516129,0.3611111,0.75,0,0,0.6666667,0.07142857,0.4005376
30,44,0.4516129,0,0.75,0,0,0,0.07142857,0.4005376
30,45,0.4516129,0.1111111,0.75,1,0,0,0.07142857,0.4005376
30,46,0.4516129,0,0.75,0,0,0,0.07142857,0.4005376
30,47,0.4516129,0,0.75,0,0,0,0.07142857,0.4005376
30,48,0.4516129,0,0.75,0,0,0,0.07142857,0.4005376
30,49,0.4516129,0.25,0.75,0,0,0,0.07142857,0.4005376
30,50,0.4516129,0.25,0.75,0,0,0,0.07142857,0.4005376
30,51,0.4516129,0.25,0.75,0,0,0,0.07142857,0.4005376
30,52,0.4516129,0,0.75,0,0,0,0.04761905,0.4005376
30,53,0.4516129,0,0.75,0,0,0,0.04761905,0.4005376
30,54,0.4516129,0.25,0.75,0,0,0,0.07142857,0.4005376
30,55,0.4516129,0.1111111,0.75,1,0,0,0.07142857,0.4005376
30,56,0.4516129,0,0.75,0,0,0,0.1666667,0.4005376
30,57,0.4516129,0.25,0.75,0,0,0,0.0952381,0.4005376
30,58,0.4516129,0.25,0.75,0,0,0,0.07142857,0.4005376
30,59,0.4516129,0,0.75,0,0,0,0.07142857,0.4005376
30,60,0.4516129,0,0.75,0,0,0,0.07142857,0.4005376
30,61,0.4516129,0.25,0.75,0,0,0,0.07142857,0.4005376
30,62,0.4516129,0.25,0.75,0,0,0,0.07142857,0.4005376
30,63,0.4516129,0.1111111,0.75,1,0,0,0.07142857,0.4005376
30,64,0.4516129,0,0.75,0,0,0,0.07142857,0.4005376
30,65,0.4516129,0.25,0.75,0,0,0,0.04761905,0.4005376
30,66,0.4516129,0.25,0.75,0,0,0,0.07142857,0.4005376
30,67,0.4516129,0,0.75,0,0,0,0.07142857,0.4005376
30,68,0.4516129,0,0.75,0,0,0,0.07142857,0.4005376
30,69,0.4516129,0.25,0.75,0,0,0,0.07142857,0.4005376
30,70,0.4516129,0.25,0.75,0,0,0,0.1428571,0.4005376
30,71,0.4516129,0,0.75,0,0,0,0.07142857,0.4005376
30,72,0.4516129,0.1666667,0.75,1,0,0,0.1666667,0.4005376
30,73,0.4516129,0,0.75,0,0,0,0.0952381,0.4005376
30,74,0.4516129,0.2777778,0.75,1,0,0,0.07142857,0.4005376
30,75,0.4516129,0.4722222,0.75,0,0,0.6666667,0.07142857,0.4005376
30,76,0.4516129,0.1111111,0.75,1,0,0,0.07142857,0.4005376
30,77,0.4516129,0,0.75,0,0,0,0.07142857,0.4005376
30,78,0.4516129,0.25,0.75,0,0,0,0.07142857,0.4005376
30,79,0.4516129,0.3611111,0.75,0,0,0.6666667,0.07142857,0.4005376
30,80,0.4516129,0,0.75,0,0,0,0.07142857,0.4005376
30,81,0.4516129,0.1111111,0.75,1,0,0,0.07142857,0.4005376
30,82,0.4516129,0,0.75,0,0,0,0.07142857,0.4005376
30,83,0.4516129,0.25,0.75,0,0,0,0.07142857,0.4005376
30,84,0.4516129,0.25,0.75,0,0,0,0.07142857,0.4005376
30,85,0.4516129,0.25,0.75,0,0,0.6666667,0.0952381,0.4005376
30,86,0.4516129,0.25,0.75,0,0,0,0.07142857,0.4005376
30,87,0.4516129,0,0.75,0,0,0,0.07142857,0.4005376
30,88,0.4516129,0,0.75,0,0,0,0.07142857,0.4005376
30,89,0.4516129,0,0.75,0,0,0,0.1666667,0.4005376
30,90,0.4516129,0.3611111,0.75,0,0,0.6666667,0.07142857,0.4005376
30,91,0.4516129,0.1111111,0.75,1,0,0,0.07142857,0.4005376
30,92,0.4516129,0,0.75,0,0,0,0.07142857,0.4005376
30,93,0.4516129,0.1111111,0.75,1,0,0,0.1666667,0.4005376
30,94,0.4516129,0.1111111,0.75,1,0,0,0.07142857,0.4005376
30,95,0.4516129,0.25,0.75,0,0,0,0.07142857,0.4005376
30,96,0.4516129,0.25,0.75,0,0,0,0.07142857,0.4005376
30,97,0.4516129,0,0.75,0,0,0,0.07142857,0.4005376
30,98,0.4516129,0.25,0.75,0,0,0,0.07142857,0.4005376
30,99,0.4516129,0,0.75,0,0,0,0.07142857,0.4005376
31,0,0.4516129,0.25,0.75,0,0,0,0.07142857,0.4005376
31,1,0.4516129,0.3611111,0.75,0,0,0.6666667,0.02380952,0.4005376
31,2,0.4516129,0.25,0.75,0,0,0.6666667,0.02380952,0.4005376
31,3,0.4516129,0,0.75,0,0,0,0.07142857,0.4005376
31,4,0.4516129,0,0.75,0,0,0,0.07142857,0.4005376
31,5,0.4516129,0.4166667,0.75,0,0,0.6666667,0.07142857,0.4005376
31,6,0.4516129,0.1111111,0.75,1,0,0,0.1428571,0.4005376
31,7,0.4516129,0,0.75,0,0,0,0.07142857,0.4005376
31,8,0.4516129,0.3055556,0.75,0,0,0.6666667,0.07142857,0.4005376
31,9,0.4516129,0,0.75,0,0,0,0.07142857,0.4005376
31,10,0.4516129,0.2222222,0.75,1,0,0,0.0952381,0.4005376
31,11,0.4516129,0.25,0.75,0,0,0,0.07142857,0.4005376
31,12,0.4516129,0.3055556,0.75,0,0,0.6666667,0.0952381,0.4005376
31,13,0.4516129,0,0.75,0,0,0,0.07142857,0.4005376
31,14,0.4516129,0.25,0.75,0,0,0,0.07142857,0.4005376
31,15,0.4516129,0,0.75,0,0,0,0.07142857,0.4005376
31,16,0.4516129,0.3611111,0.75,0,0,0.6666667,0.07142857,0.4005376
31,17,0.4516129,0,0.75,0,0,0,0.04761905,0.4005376
31,18,0.4516129,0.25,0.75,0,0,0,0.07142857,0.4005376
31,19,0.4516129,0,0.75,0,0,0,0.1666667,0.4005376
31,20,0.4516129,0.25,0.75,0,0,0,0.1666667,0.4005376
31,21,0.4516129,0.25,0.75,0,0,0,0.07142857,0.4005376
31,22,0.4516129,0.25,0.75,0,0,0,0.07142857,0.4005376
31,23,0.4516129,0,0.75,0,0,0,0.07142857,0.4005376
31,24,0.4516129,0,0.75,0,0,0,0.07142857,0.4005376
31,25,0.4516129,0,0.75,0,0,0,0.07142857,0.4005376
31,26,0.4516129,0.2222222,0.75,1,0,0,0.07142857,0.4005376
31,27,0.4516129,0.25,0.75,0,0,0,0.07142857,0.4005376
31,28,0.4516129,0.2777778,0.75,1,0,0,0.07142857,0.4005376
31,29,0.4516129,0.25,0.75,0,0,0,0.07142857,0.4005376
31,30,0.4516129,0,0.75,0,0,0,0.07142857,0.4005376
31,31,0.4516129,0.1666667,0.75,1,0,0,0.07142857,0.4005376
31,32,0.4516129,0,0.75,0,0,0,0.07142857,0.4005376
31,33,0.4516129,0,0.75,0,0,0,0.04761905,0.4005376
31,34,0.4516129,0,0.75,0,0,0,0.07142857,0.4005376
31,35,0.4516129,0.4722222,0.75,0,0,0.6666667,0.07142857,0.4005376
31,36,0.4516129,0.25,0.75,0,0,0,0.1666667,0.4005376
31,37,0.4516129,0,0.75,0,0,0,0.1666667,0.4005376
31,38,0.4516129,0,0.75,0,0,0,0.0952381,0.4005376
31,39,0.4516129,0,0.75,0,0,0,0.0952381,0.4005376
31,40,0.4516129,0.25,0.75,0,0,0,0.07142857,0.4005376
31,41,0.4516129,0,0.75,0,0,0,0.07142857,0.4005376
31,42,0.4516129,0.25,0.75,0,0,0,0.07142857,0.4005376
31,43,0.4516129,0.3611111,0.75,0,0,0.6666667,0.07142857,0.4005376
31,44,0.4516129,0,0.75,0,0,0,0.07142857,0.4005376
31,45,0.4516129,0.1111111,0.75,1,0,0,0.07142857,0.4005376
31,46,0.4516129,0,0.75,0,0,0,0.07142857,0.4005376
31,47,0.4516129,0,0.75,0,0,0,0.07142857,0.4005376
31,48,0.4516129,0,0.75,0,0,0,0.07142857,0.4005376
31,49,0.4516129,0.25,0.75,0,0,0,0.07142857,0.4005376
31,50,0.4516129,0.25,0.75,0,0,0,0.07142857,0.4005376
31,51,0.4516129,0.25,0.75,0,0,0,0.07142857,0.4005376
31,52,0.4516129,0,0.75,0,0,0,0.04761905,0.4005376
31,53,0.4516129,0,0.75,0,0,0,0.04761905,0.4005376
31,54,0.4516129,0.25,0.75,0,0,0,0.07142857,0.4005376
31,55,0.4516129,0.1111111,0.75,1,0,0,0.07142857,0.4005376
31,56,0.4516129,0,0.75,0,0,0,0.1666667,0.4005376
31,57,0.4516129,0.25,0.75,0,0,0,0.0952381,0.4005376
31,58,0.4516129,0.25,0.75,0,0,0,0.07142857,0.4005376
31,59,0.4516129,0,0.75,0,0,0,0.07142857,0.4005376
31,60,0.4516129,0,0.75,0,0,0,0.07142857,0.4005376
31,61,0.4516129,0.25,0.75,0,0,0,0.07142857,0.4005376
31,62,0.4516129,0.25,0.75,0,0,0,0.07142857,0.4005376
31,63,0.4516129,0.1111111,0.75,1,0,0,0.07142857,0.4005376
31,64,0.4516129,0,0.75,0,0,0,0.07142857,0.4005376
31,65,0.4516129,0.25,0.75,0,0,0,0.04761905,0.4005376
31,66,0.4516129,0.25,0.75,0,0,0,0.07142857,0.4005376
31,67,0.4516129,0,0.75,0,0,0,0.07142857,0.4005376
31,68,0.4516129,0,0.75,0,0,0,0.07142857,0.4005376
31,69,0.4516129,0.25,0.75,0,0,0,0.07142857,0.4005376
31,70,0.4516129,0.25,0.75,0,0,0,0.1428571,0.4005376
31,71,0.4516129,0,0.75,0,0,0,0.07142857,0.4005376
31,72,0.4516129,0.1666667,0.75,1,0,0,0.1666667,0.4005376
31,73,0.4516129,0,0.75,0,0,0,0.0952381,0.4005376
31,74,0.4516129,0.2777778,0.75,1,0,0,0.07142857,0.4005376
31,75,0.4516129,0.4722222,0.75,0,0,0.6666667,0.07142857,0.4005376
31,76,0.4516129,0.1111111,0.75,1,0,0,0.07142857,0.4005376
31,77,0.4516129,0,0.75,0,0,0,0.07142857,0.4005376
31,78,0.4516129,0.25,0.75,0,0,0,0.07142857,0.4005376
31,79,0.4516129,0.3611111,0.75,0,0,0.6666667,0.07142857,0.4005376
31,80,0.4516129,0,0.75,0,0,0,0.07142857,0.4005376
31,81,0.4516129,0.1111111,0.75,1,0,0,0.07142857,0.4005376
31,82,0.4516129,0,0.75,0,0,0,0.07142857,0.4005376
31,83,0.4516129,0.25,0.75,0,0,0,0.07142857,0.4005376
31,84,0.4516129,0.25,0.75,0,0,0,0.07142857,0.4005376
31,85,0.4516129,0.25,0.75,0,0,0.6666667,0.0952381,0.4005376
31,86,0.4516129,0.25,0.75,0,0,0,0.07142857,0.4005376
31,87,0.4516129,0,0.75,0,0,0,0.07142857,0.4005376
31,88,0.4516129,0,0.75,0,0,0,0.07142857,0.4005376
31,89,0.4516129,0,0.75,0,0,0,0.1666667,0.4005376
31,90,0.4516129,0.3611111,0.75,0,0,0.6666667,0.07142857,0.4005376
31,91,0.4516129,0.1111111,0.75,1,0,0,0.07142857,0.4005376
31,92,0.4516129,0,0.75,0,0,0,0.07142857,0.4005376
31,93,0.4516129,0.1111111,0.75,1,0,0,0.1666667,0.4005376
31,94,0.4516129,0.1111111,0.75,1,0,0,0.07142857,0.4005376
31,95,0.4516129,0.25,0.75,0,0,0,0.07142857,0.4005376
31,96,0.4516129,0.25,0.75,0,0,0,0.07142857,0.4005376
31,97,0.4516129,0,0.75,0,0,0,0.07142857,0.4005376
31,98,0.4516129,0.25,0.75,0,0,0,0.07142857,0.4005376
31,99,0.4516129,0,0.75,0,0,0,0.07142857,0.4005376
32,0,0.4516129,0.25,0.75,0,0,0,0.07142857,0.4005376
32,1,0.4516129,0.3611111,0.75,0,0,0.6666667,0.02380952,0.4005376
32,2,0.4516129,0.25,0.75,0,0,0.6666667,0.02380952,0.4005376
32,3,0.4516129,0,0.75,0,0,0,0.07142857,0.4005376
32,4,0.4516129,0,0.75,0,0,0,0.07142857,0.4005376
32,5,0.4516129,0.4166667,0.75,0,0,0.6666667,0.07142857,0.4005376
32,6,0.4516129,0.1111111,0.75,1,0,0,0.1428571,0.4005376
32,7,0.4516129,0,0.75,0,0,0,0.07142857,0.4005376
32,8,0.4516129,0.3055556,0.75,0,0,0.6666667,0.07142857,0.4005376
32,9,0.4516129,0,0.75,0,0,0,0.07142857,0.4005376
32,10,0.4516129,0.2222222,0.75,1,0,0,0.0952381,0.4005376
32,11,0.4516129,0.25,0.75,0,0,0,0.07142857,0.4005376
32,12,0.4516129,0.3055556,0.75,0,0,0.6666667,0.0952381,0.4005376
32,13,0.4516129,0,0.75,0,0,0,0.07142857,0.4005376
32,14,0.4516129,0.25,0.75,0,0,0,0.07142857,0.4005376
32,15,0.4516129,0,0.75,0,0,0,0.07142857,0.4005376
32,16,0.4516129,0.3611111,0.75,0,0,0.6666667,0.07142857,0.4005376
32,17,0.4516129,0,0.75,0,0,0,0.04761905,0.4005376
32,18,0.4516129,0.25,0.75,0,0,0,0.07142857,0.4005376
32,19,0.4516129,0,0.75,0,0,0,0.1666667,0.4005376
32,20,0.4516129,0.25,0.75,0,0,0,0.1666667,0.4005376
32,21,0.4516129,0.25,0.75,0,0,0,0.07142857,0.4005376
32,22,0.4516129,0.25,0.75,0,0,0,0.07142857,0.4005376
32,23,0.4516129,0,0.75,0,0,0,0.07142857,0.4005376
32,24,0.4516129,0,0.75,0,0,0,0.07142857,0.4005376
32,25,0.4516129,0,0.75,0,0,0,0.07142857,0.4005376
32,26,0.4516129,0.2222222,0.75,1,0,0,0.07142857,0.4005376
32,27,0.4516129,0.25,0.75,0,0,0,0.07142857,0.4005376
32,28,0.4516129,0.2777778,0.75,1,0,0,0.07142857,0.4005376
32,29,0.4516129,0.25,0.75,0,0,0,0.07142857,0.4005376
32,30,0.4516129,0,0.75,0,0,0,0.07142857,0.4005376
32,31,0.4516129,0.1666667,0.75,1,0,0,0.07142857,0.4005376
32,32,0.4516129,0,0.75,0,0,0,0.07142857,0.4005376
32,33,0.4516129,0,0.75,0,0,0,0.04761905,0.4005376
32,34,0.4516129,0,0.75,0,0,0,0.07142857,0.4005376
32,35,0.4516129,0.4722222,0.75,0,0,0.6666667,0.07142857,0.4005376
32,36,0.4516129,0.25,0.75,0,0,0,0.1666667,0.4005376
32,37,0.4516129,0,0.75,0,0,0,0.1666667,0.4005376
32,38,0.4516129,0,0.75,0,0,0,0.0952381,0.4005376
32,39,0.4516129,0,0.75,0,0,0,0.0952381,0.4005376
32,40,0.4516129,0.25,0.75,0,0,0,0.07142857,0.4005376
32,41,0.4516129,0,0.75,0,0,0,0.07142857,0.4005376
32,42,0.4516129,0.25,0.75,0,0,0,0.07142857,0.4005376
32,43,0.4516129,0.3611111,0.75,0,0,0.6666667,0.07142857,0.4005376
32,44,0.4516129,0,0.75,0,0,0,0.07142857,0.4005376
32,45,0.4516129,0.1111111,0.75,1,0,0,0.07142857,0.4005376
32,46,0.4516129,0,0.75,0,0,0,0.07142857,0.4005376
32,47,0.4516129,0,0.75,0,0,0,0.07142857,0.4005376
32,48,0.4516129,0,0.75,0,0,0,0.07142857,0.4005376
32,49,0.4516129,0.25,0.75,0,0,0,0.07142857,0.4005376
32,50,0.4516129,0.25,0.75,0,0,0,0.07142857,0.4005376
32,51,0.4516129,0.25,0.75,0,0,0,0.07142857,0.4005376
32,52,0.4516129,0,0.75,0,0,0,0.04761905,0.4005376
32,53,0.4516129,0,0.75,0,0,0,0.04761905,0.4005376
32,54,0.4516129,0.25,0.75,0,0,0,0.07142857,0.4005376
32,55,0.4516129,0.1111111,0.75,1,0,0,0.07142857,0.4005376
32,56,0.4516129,0,0.75,0,0,0,0.1666667,0.4005376
32,57,0.4516129,0.25,0.75,0,0,0,0.0952381,0.4005376
32,58,0.4516129,0.25,0.75,0,0,0,0.07142857,0.4005376
32,59,0.4516129,0,0.75,0,0,0,0.07142857,0.4005376
32,60,0.4516129,0,0.75,0,0,0,0.07142857,0.4005376
32,61,0.4516129,0.25,0.75,0,0,0,0.07142857,0.4005376
32,62,0.4516129,0.25,0.75,0,0,0,0.07142857,0.4005376
32,63,0.4516129,0.1111111,0.75,1,0,0,0.07142857,0.4005376
32,64,0.4516129,0,0.75,0,0,0,0.07142857,0.4005376
32,65,0.4516129,0.25,0.75,0,0,0,0.04761905,0.4005376
32,66,0.4516129,0.25,0.75,0,0,0,0.07142857,0.4005376
32,67,0.4516129,0,0.75,0,0,0,0.07142857,0.4005376
32,68,0.4516129,0,0.75,0,0,0,0.07142857,0.4005376
32,69,0.4516129,0.25,0.75,0,0,0,0.07142857,0.4005376
32,70,0.4516129,0.25,0.75,0,0,0,0.1428571,0.4005376
32,71,0.4516129,0,0.75,0,0,0,0.07142857,0.4005376
32,72,0.4516129,0.1666667,0.75,1,0,0,0.1666667,0.4005376
32,73,0.4516129,0,0.75,0,0,0,0.0952381,0.4005376
32,74,0.4516129,0.2777778,0.75,1,0,0,0.07142857,0.4005376
32,75,0.4516129,0.4722222,0.75,0,0,0.6666667,0.07142857,0.4005376
32,76,0.4516129,0.1111111,0.75,1,0,0,0.07142857,0.4005376
32,77,0.4516129,0,0.75,0,0,0,0.07142857,0.4005376
32,78,0.4516129,0.25,0.75,0,0,0,0.07142857,0.4005376
32,79,0.4516129,0.3611111,0.75,0,0,0.6666667,0.07142857,0.4005376
32,80,0.4516129,0,0.75,0,0,0,0.07142857,0.4005376
32,81,0.4516129,0.1111111,0.75,1,0,0,0.07142857,0.4005376
32,82,0.4516129,0,0.75,0,0,0,0.07142857,0.4005376
32,83,0.4516129,0.25,0.75,0,0,0,0.07142857,0.4005376
32,84,0.4516129,0.25,0.75,0,0,0,0.07142857,0.4005376
32,85,0.4516129,0.25,0.75,0,0,0.6666667,0.0952381,0.4005376
32,86,0.4516129,0.25,0.75,0,0,0,0.07142857,0.4005376
32,87,0.4516129,0,0.75,0,0,0,0.07142857,0.4005376
32,88,0.4516129,0,0.75,0,0,0,0.07142857,0.4005376
32,89,0.4516129,0,0.75,0,0,0,0.1666667,0.4005376
32,90,0.4516129,0.3611111,0.75,0,0,0.6666667,0.07142857,0.4005376
32,91,0.4516129,0.1111111,0.75,1,0,0,0.07142857,0.4005376
32,92,0.4516129,0,0.75,0,0,0,0.07142857,0.4005376
32,93,0.4516129,0.1111111,0.75,1,0,0,0.1666667,0.4005376
32,94,0.4516129,0.1111111,0.75,1,0,0,0.07142857,0.4005376
32,95,0.4516129,0.25,0.75,0,0,0,0.07142857,0.4005376
32,96,0.4516129,0.25,0.75,0,0,0,0.07142857,0.4005376
32,97,0.4516129,0,0.75,0,0,0,0.07142857,0.4005376
32,98,0.4516129,0.25,0.75,0,0,0,0.07142857,0.4005376
32,99,0.4516129,0,0.75,0,0,0,0.07142857,0.4005376
33,0,0.4516129,0.25,0.75,0,0,0,0.07142857,0.4005376
33,1,0.4516129,0.3611111,0.75,0,0,0.6666667,0.02380952,0.4005376
33,2,0.4516129,0.25,0.75,0,0,0.6666667,0.02380952,0.4005376
33,3,0.4516129,0,0.75,0,0,0,0.07142857,0.4005376
33,4,0.4516129,0,0.75,0,0,0,0.07142857,0.4005376
33,5,0.4516129,0.4166667,0.75,0,0,0.6666667,0.07142857,0.4005376
33,6,0.4516129,0.1111111,0.75,1,0,0,0.1428571,0.4005376
33,7,0.4516129,0,0.75,0,0,0,0.07142857,0.4005376
33,8,0.4516129,0.3055556,0.75,0,0,0.6666667,0.07142857,0.4005376
33,9,0.4516129,0,0.75,0,0,0,0.07142857,0.4005376
33,10,0.4516129,0.2222222,0.75,1,0,0,0.0952381,0.4005376
33,11,0.4516129,0.25,0.75,0,0,0,0.07142857,0.4005376
33,12,0.4516129,0.3055556,0.75,0,0,0.6666667,0.0952381,0.4005376
33,13,0.4516129,0,0.75,0,0,0,0.07142857,0.4005376
33,14,0.4516129,0.25,0.75,0,0,0,0.07142857,0.4005376
33,15,0.4516129,0,0.75,0,0,0,0.07142857,0.4005376
33,16,0.4516129,0.3611111,0.75,0,0,0.6666667,0.07142857,0.4005376
33,17,0.4516129,0,0.75,0,0,0,0.04761905,0.4005376
33,18,0.4516129,0.25,0.75,0,0,0,0.07142857,0.4005376
33,19,0.4516129,0,0.75,0,0,0,0.1666667,0.4005376
33,20,0.4516129,0.25,0.75,0,0,0,0.1666667,0.4005376
33,21,0.4516129,0.25,0.75,0,0,0,0.07142857,0.4005376
33,22,0.4516129,0.25,0.75,0,0,0,0.07142857,0.4005376
33,23,0.4516129,0,0.75,0,0,0,0.07142857,0.4005376
33,24,0.4516129,0,0.75,0,0,0,0.07142857,0.4005376
33,25,0.4516129,0,0.75,0,0,0,0.07142857,0.4005376
33,26,0.4516129,0.2222222,0.75,1,0,0,0.07142857,0.4005376
33,27,0.4516129,0.25,0.75,0,0,0,0.07142857,0.4005376
33,28,0.4516129,0.2777778,0.75,1,0,0,0.07142857,0.4005376
33,29,0.4516129,0.25,0.75,0,0,0,0.07142857,0.4005376
33,30,0.4516129,0,0.75,0,0,0,0.07142857,0.4005376
33,31,0.4516129,0.1666667,0.75,1,0,0,0.07142857,0.4005376
33,32,0.4516129,0,0.75,0,0,0,0.07142857,0.4005376
33,33,0.4516129,0,0.75,0,0,0,0.04761905,0.4005376
33,34,0.4516129,0,0.75,0,0,0,0.07142857,0.4005376
33,35,0.4516129,0.4722222,0.75,0,0,0.6666667,0.07142857,0.4005376
33,36,0.4516129,0.25,0.75,0,0,0,0.1666667,0.4005376
33,37,0.4516129,0,0.75,0,0,0,0.1666667,0.4005376
33,38,0.4516129,0,0.75,0,0,0,0.0952381,0.4005376
33,39,0.4516129,0,0.75,0,0,0,0.0952381,0.4005376
33,40,0.4516129,0.25,0.75,0,0,0,0.07142857,0.4005376
33,41,0.4516129,0,0.75,0,0,0,0.07142857,0.4005376
33,42,0.4516129,0.25,0.75,0,0,0,0.07142857,0.4005376
33,43,0.4516129,0.3611111,0.75,0,0,0.6666667,0.07142857,0.4005376
33,44,0.4516129,0,0.75,0,0,0,0.07142857,0.4005376
33,45,0.4516129,0.1111111,0.75,1,0,0,0.07142857,0.4005376
33,46,0.4516129,0,0.75,0,0,0,0.07142857,0.4005376
33,47,0.4516129,0,0.75,0,0,0,0.07142857,0.4005376
33,48,0.4516129,0,0.75,0,0,0,0.07142857,0.4005376
33,49,0.4516129,0.25,0.75,0,0,0,0.07142857,0.4005376
33,50,0.4516129,0.25,0.75,0,0,0,0.07142857,0.4005376
33,51,0.4516129,0.25,0.75,0,0,0,0.07142857,0.4005376
33,52,0.4516129,0,0.75,0,0,0,0.04761905,0.4005376
33,53,0.4516129,0,0.75,0,0,0,0.04761905,0.4005376
33,54,0.4516129,0.25,0.75,0,0,0,0.07142857,0.4005376
33,55,0.4516129,0.1111111,0.75,1,0,0,0.07142857,0.4005376
33,56,0.4516129,0,0.75,0,0,0,0.1666667,0.4005376
33,57,0.4516129,0.25,0.75,0,0,0,0.0952381,0.4005376
33,58,0.4516129,0.25,0.75,0,0,0,0.07142857,0.4005376
33,59,0.4516129,0,0.75,0,0,0,0.07142857,0.4005376
33,60,0.4516129,0,0.75,0,0,0,0.07142857,0.4005376
33,61,0.4516129,0.25,0.75,0,0,0,0.07142857,0.4005376
33,62,0.4516129,0.25,0.75,0,0,0,0.07142857,0.4005376
33,63,0.4516129,0.1111111,0.75,1,0,0,0.07142857,0.4005376
33,64,0.4516129,0,0.75,0,0,0,0.07142857,0.4005376
33,65,0.4516129,0.25,0.75,0,0,0,0.04761905,0.4005376
33,66,0.4516129,0.25,0.75,0,0,0,0.07142857,0.4005376
33,67,0.4516129,0,0.75,0,0,0,0.07142857,0.4005376
33,68,0.4516129,0,0.75,0,0,0,0.07142857,0.4005376
33,69,0.4516129,0.25,0.75,0,0,0,0.07142857,0.4005376
33,70,0.4516129,0.25,0.75,0,0,0,0.1428571,0.4005376
33,71,0.4516129,0,0.75,0,0,0,0.07142857,0.4005376
33,72,0.4516129,0.1666667,0.75,1,0,0,0.1666667,0.4005376
33,73,0.4516129,0,0.75,0,0,0,0.0952381,0.4005376
33,74,0.4516129,0.2777778,0.75,1,0,0,0.07142857,0.4005376
33,75,0.4516129,0.4722222,0.75,0,0,0.6666667,0.07142857,0.4005376
33,76,0.4516129,0.1111111,0.75,1,0,0,0.07142857,0.4005376
33,77,0.4516129,0,0.75,0,0,0,0.07142857,0.4005376
33,78,0.4516129,0.25,0.75,0,0,0,0.07142857,0.4005376
33,79,0.4516129,0.3611111,0.75,0,0,0.6666667,0.07142857,0.4005376
33,80,0.4516129,0,0.75,0,0,0,0.07142857,0.4005376
33,81,0.4516129,0.1111111,0.75,1,0,0,0.07142857,0.4005376
33,82,0.4516129,0,0.75,0,0,0,0.07142857,0.4005376
33,83,0.4516129,0.25,0.75,0,0,0,0.07142857,0.4005376
33,84,0.4516129,0.25,0.75,0,0,0,0.07142857,0.4005376
33,85,0.4516129,0.25,0.75,0,0,0.6666667,0.0952381,0.4005376
33,86,0.4516129,0.25,0.75,0,0,0,0.07142857,0.4005376
33,87,0.4516129,0,0.75,0,0,0,0.07142857,0.4005376
33,88,0.4516129,0,0.75,0,0,0,0.07142857,0.4005376
33,89,0.4516129,0,0.75,0,0,0,0.1666667,0.4005376
33,90,0.4516129,0.3611111,0.75,0,0,0.6666667,0.07142857,0.4005376
33,91,0.4516129,0.1111111,0.75,1,0,0,0.07142857,0.4005376
33,92,0.4516129,0,0.75,0,0,0,0.07142857,0.4005376
33,93,0.4516129,0.1111111,0.75,1,0,0,0.1666667,0.4005376
33,94,0.4516129,0.1111111,0.75,1,0,0,0.07142857,0.4005376
33,95,0.4516129,0.25,0.75,0,0,0,0.07142857,0.4005376
33,96,0.4516129,0.25,0.75,0,0,0,0.07142857,0.4005376
33,97,0.4516129,0,0.75,0,0,0,0.07142857,0.4005376
33,98,0.4516129,0.25,0.75,0,0,0,0.07142857,0.4005376
33,99,0.4516129,0,0.75,0,0,0,0.07142857,0.4005376
34,0,0.4516129,0.25,0.75,0,0,0,0.07142857,0.4005376
34,1,0.4516129,0.3611111,0.75,0,0,0.6666667,0.02380952,0.4005376
34,2,0.4516129,0.25,0.75,0,0,0.6666667,0.02380952,0.4005376
34,3,0.4516129,0,0.75,0,0,0,0.07142857,0.4005376
34,4,0.4516129,0,0.75,0,0,0,0.07142857,0.4005376
34,5,0.4516129,0.4166667,0.75,0,0,0.6666667,0.07142857,0.4005376
34,6,0.4516129,0.1111111,0.75,1,0,0,0.1428571,0.4005376
34,7,0.4516129,0,0.75,0,0,0,0.07142857,0.4005376
34,8,0.4516129,0.3055556,0.75,0,0,0.6666667,0.07142857,0.4005376
34,9,0.4516129,0,0.75,0,0,0,0.07142857,0.4005376
34,10,0.4516129,0.2222222,0.75,1,0,0,0.0952381,0.4005376
34,11,0.4516129,0.25,0.75,0,0,0,0.07142857,0.4005376
34,12,0.4516129,0.3055556,0.75,0,0,0.6666667,0.0952381,0.4005376
34,13,0.4516129,0,0.75,0,0,0,0.07142857,0.4005376
34,14,0.4516129,0.25,0.75,0,0,0,0.07142857,0.4005376
34,15,0.4516129,0,0.75,0,0,0,0.07142857,0.4005376
34,16,0.4516129,0.3611111,0.75,0,0,0.6666667,0.07142857,0.4005376
34,17,0.4516129,0,0.75,0,0,0,0.04761905,0.4005376
34,18,0.4516129,0.25,0.75,0,0,0,0.07142857,0.4005376
34,19,0.4516129,0,0.75,0,0,0,0.1666667,0.4005376
34,20,0.4516129,0.25,0.75,0,0,0,0.1666667,0.4005376
34,21,0.4516129,0.25,0.75,0,0,0,0.07142857,0.4005376
34,22,0.4516129,0.25,0.75,0,0,0,0.07142857,0.4005376
34,23,0.4516129,0,0.75,0,0,0,0.07142857,0.4005376
34,24,0.4516129,0,0.75,0,0,0,0.07142857,0.4005376
34,25,0.4516129,0,0.75,0,0,0,0.07142857,0.4005376
34,26,0.4516129,0.2222222,0.75,1,0,0,0.07142857,0.4005376
34,27,0.4516129,0.25,0.75,0,0,0,0.07142857,0.4005376
34,28,0.4516129,0.2777778,0.75,1,0,0,0.07142857,0.4005376
34,29,0.4516129,0.25,0.75,0,0,0,0.07142857,0.4005376
34,30,0.4516129,0,0.75,0,0,0,0.07142857,0.4005376
34,31,0.4516129,0.1666667,0.75,1,0,0,0.07142857,0.4005376
34,32,0.4516129,0,0.75,0,0,0,0.07142857,0.4005376
34,33,0.4516129,0,0.75,0,0,0,0.04761905,0.4005376
34,34,0.4516129,0,0.75,0,0,0,0.07142857,0.4005376
34,35,0.4516129,0.4722222,0.75,0,0,0.6666667,0.07142857,0.4005376
34,36,0.4516129,0.25,0.75,0,0,0,0.1666667,0.4005376
34,37,0.4516129,0,0.75,0,0,0,0.1666667,0.4005376
34,38,0.4516129,0,0.75,0,0,0,0.0952381,0.4005376
34,39,0.4516129,0,0.75,0,0,0,0.0952381,0.4005376
34,40,0.4516129,0.25,0.75,0,0,0,0.07142857,0.4005376
34,41,0.4516129,0,0.75,0,0,0,0.07142857,0.4005376
34,42,0.4516129,0.25,0.75,0,0,0,0.07142857,0.4005376
34,43,0.4516129,0.3611111,0.75,0,0,0.6666667,0.07142857,0.4005376
34,44,0.4516129,0,0.75,0,0,0,0.07142857,0.4005376
34,45,0.4516129,0.1111111,0.75,1,0,0,0.07142857,0.4005376
34,46,0.4516129,0,0.75,0,0,0,0.07142857,0.4005376
34,47,0.4516129,0,0.75,0,0,0,0.07142857,0.4005376
34,48,0.4516129,0,0.75,0,0,0,0.07142857,0.4005376
34,49,0.4516129,0.25,0.75,0,0,0,0.07142857,0.4005376
34,50,0.4516129,0.25,0.75,0,0,0,0.07142857,0.4005376
34,51,0.4516129,0.25,0.75,0,0,0,0.07142857,0.4005376
34,52,0.4516129,0,0.75,0,0,0,0.04761905,0.4005376
34,53,0.4516129,0,0.75,0,0,0,0.04761905,0.4005376
34,54,0.4516129,0.25,0.75,0,0,0,0.07142857,0.4005376
34,55,0.4516129,0.1111111,0.75,1,0,0,0.07142857,0.4005376
34,56,0.4516129,0,0.75,0,0,0,0.1666667,0.4005376
34,57,0.4516129,0.25,0.75,0,0,0,0.0952381,0.4005376
34,58,0.4516129,0.25,0.75,0,0,0,0.07142857,0.4005376
34,59,0.4516129,0,0.75,0,0,0,0.07142857,0.4005376
34,60,0.4516129,0,0.75,0,0,0,0.07142857,0.4005376
34,61,0.4516129,0.25,0.75,0,0,0,0.07142857,0.4005376
34,62,0.4516129,0.25,0.75,0,0,0,0.07142857,0.4005376
34,63,0.4516129,0.1111111,0.75,1,0,0,0.07142857,0.4005376
34,64,0.4516129,0,0.75,0,0,0,0.07142857,0.4005376
34,65,0.4516129,0.25,0.75,0,0,0,0.04761905,0.4005376
34,66,0.4516129,0.25,0.75,0,0,0,0.07142857,0.4005376
34,67,0.4516129,0,0.75,0,0,0,0.07142857,0.4005376
34,68,0.4516129,0,0.75,0,0,0,0.07142857,0.4005376
34,69,0.4516129,0.25,0.75,0,0,0,0.07142857,0.4005376
34,70,0.4516129,0.25,0.75,0,0,0,0.1428571,0.4005376
34,71,0.4516129,0,0.75,0,0,0,0.07142857,0.4005376
34,72,0.4516129,0.1666667,0.75,1,0,0,0.1666667,0.4005376
34,73,0.4516129,0,0.75,0,0,0,0.0952381,0.4005376
34,74,0.4516129,0.2777778,0.75,1,0,0,0.07142857,0.4005376
34,75,0.4516129,0.4722222,0.75,0,0,0.6666667,0.07142857,0.4005376
34,76,0.4516129,0.1111111,0.75,1,0,0,0.07142857,0.4005376
34,77,0.4516129,0,0.75,0,0,0,0.07142857,0.4005376
34,78,0.4516129,0.25,0.75,0,0,0,0.07142857,0.4005376
34,79,0.4516129,0.3611111,0.75,0,0,0.6666667,0.07142857,0.4005376
34,80,0.4516129,0,0.75,0,0,0,0.07142857,0.4005376
34,81,0.4516129,0.1111111,0.75,1,0,0,0.07142857,0.4005376
34,82,0.4516129,0,0.75,0,0,0,0.07142857,0.4005376
34,83,0.4516129,0.25,0.75,0,0,0,0.07142857,0.4005376
34,84,0.4516129,0.25,0.75,0,0,0,0.07142857,0.4005376
34,85,0.4516129,0.25,0.75,0,0,0.6666667,0.0952381,0.4005376
34,86,0.4516129,0.25,0.75,0,0,0,0.07142857,0.4005376
34,87,0.4516129,0,0.75,0,0,0,0.07142857,0.4005376
34,88,0.4516129,0,0.75,0,0,0,0.07142857,0.4005376
34,89,0.4516129,0,0.75,0,0,0,0.1666667,0.4005376
34,90,0.4516129,0.3611111,0.75,0,0,0.6666667,0.07142857,0.4005376
34,91,0.4516129,0.1111111,0.75,1,0,0,0.07142857,0.4005376
34,92,0.4516129,0,0.75,0,0,0,0.07142857,0.4005376
34,93,0.4516129,0.1111111,0.75,1,0,0,0.1666667,0.4005376
34,94,0.4516129,0.1111111,0.75,1,0,0,0.07142857,0.4005376
34,95,0.4516129,0.25,0.75,0,0,0,0.07142857,0.4005376
34,96,0.4516129,0.25,0.75,0,0,0,0.07142857,0.4005376
34,97,0.4516129,0,0.75,0,0,0,0.07142857,0.4005376
34,98,0.4516129,0.25,0.75,0,0,0,0.07142857,0.4005376
34,99,0.4516129,0,0.75,0,0,0,0.07142857,0.4005376
35,0,0.4516129,0.25,0.75,0,0,0,0.07142857,0.4005376
35,1,0.4516129,0.3611111,0.75,0,0,0.6666667,0.02380952,0.4005376
35,2,0.4516129,0.25,0.75,0,0,0.6666667,0.02380952,0.4005376
35,3,0.4516129,0,0.75,0,0,0,0.07142857,0.4005376
35,4,0.4516129,0,0.75,0,0,0,0.07142857,0.4005376
35,5,0.4516129,0.4166667,0.75,0,0,0.6666667,0.07142857,0.4005376
35,6,0.4516129,0.1111111,0.75,1,0,0,0.1428571,0.4005376
35,7,0.4516129,0,0.75,0,0,0,0.07142857,0.4005376
35,8,0.4516129,0.3055556,0.75,0,0,0.6666667,0.07142857,0.4005376
35,9,0.4516129,0,0.75,0,0,0,0.07142857,0.4005376
35,10,0.4516129,0.2222222,0.75,1,0,0,0.0952381,0.4005376
35,11,0.4516129,0.25,0.75,0,0,0,0.07142857,0.4005376
35,12,0.4516129,0.3055556,0.75,0,0,0.6666667,0.0952381,0.4005376
35,13,0.4516129,0,0.75,0,0,0,0.07142857,0.4005376
35,14,0.4516129,0.25,0.75,0,0,0,0.07142857,0.4005376
35,15,0.4516129,0,0.75,0,0,0,0.07142857,0.4005376
35,16,0.4516129,0.3611111,0.75,0,0,0.6666667,0.07142857,0.4005376
35,17,0.4516129,0,0.75,0,0,0,0.04761905,0.4005376
35,18,0.4516129,0.25,0.75,0,0,0,0.07142857,0.4005376
35,19,0.4516129,0,0.75,0,0,0,0.1666667,0.4005376
35,20,0.4516129,0.25,0.75,0,0,0,0.1666667,0.4005376
35,21,0.4516129,0.25,0.75,0,0,0,0.07142857,0.4005376
35,22,0.4516129,0.25,0.75,0,0,0,0.07142857,0.4005376
35,23,0.4516129,0,0.75,0,0,0,0.07142857,0.4005376
35,24,0.4516129,0,0.75,0,0,0,0.07142857,0.4005376
35,25,0.4516129,0,0.75,0,0,0,0.07142857,0.4005376
35,26,0.4516129,0.2222222,0.75,1,0,0,0.07142857,0.4005376
35,27,0.4516129,0.25,0.75,0,0,0,0.07142857,0.4005376
35,28,0.4516129,0.2777778,0.75,1,0,0,0.07142857,0.4005376
35,29,0.4516129,0.25,0.75,0,0,0,0.07142857,0.4005376
35,30,0.4516129,0,0.75,0,0,0,0.07142857,0.4005376
35,31,0.4516129,0.1666667,0.75,1,0,0,0.07142857,0.4005376
35,32,0.4516129,0,0.75,0,0,0,0.07142857,0.4005376
35,33,0.4516129,0,0.75,0,0,0,0.04761905,0.4005376
35,34,0.4516129,0,0.75,0,0,0,0.07142857,0.4005376
35,35,0.4516129,0.4722222,0.75,0,0,0.6666667,0.07142857,0.4005376
35,36,0.4516129,0.25,0.75,0,0,0,0.1666667,0.4005376
35,37,0.4516129,0,0.75,0,0,0,0.1666667,0.4005376
35,38,0.4516129,0,0.75,0,0,0,0.0952381,0.4005376
35,39,0.4516129,0,0.75,0,0,0,0.0952381,0.4005376
35,40,0.4516129,0.25,0.75,0,0,0,0.07142857,0.4005376
35,41,0.4516129,0,0.75,0,0,0,0.07142857,0.4005376
35,42,0.4516129,0.25,0.75,0,0,0,0.07142857,0.4005376
35,43,0.4516129,0.3611111,0.75,0,0,0.6666667,0.07142857,0.4005376
35,44,0.4516129,0,0.75,0,0,0,0.07142857,0.4005376
35,45,0.4516129,0.1111111,0.75,1,0,0,0.07142857,0.4005376
35,46,0.4516129,0,0.75,0,0,0,0.07142857,0.4005376
35,47,0.4516129,0,0.75,0,0,0,0.07142857,0.4005376
35,48,0.4516129,0,0.75,0,0,0,0.07142857,0.4005376
35,49,0.4516129,0.25,0.75,0,0,0,0.07142857,0.4005376
35,50,0.4516129,0.25,0.75,0,0,0,0.07142857,0.4005376
35,51,0.4516129,0.25,0.75,0,0,0,0.07142857,0.4005376
35,52,0.4516129,0,0.75,0,0,0,0.04761905,0.4005376
35,53,0.4516129,0,0.75,0,0,0,0.04761905,0.4005376
35,54,0.4516129,0.25,0.75,0,0,0,0.07142857,0.4005376
35,55,0.4516129,0.1111111,0.75,1,0,0,0.07142857,0.4005376
35,56,0.4516129,0,0.75,0,0,0,0.1666667,0.4005376
35,57,0.4516129,0.25,0.75,0,0,0,0.0952381,0.4005376
35,58,0.4516129,0.25,0.75,0,0,0,0.07142857,0.4005376
35,59,0.4516129,0,0.75,0,0,0,0.07142857,0.4005376
35,60,0.4516129,0,0.75,0,0,0,0.07142857,0.4005376
35,61,0.4516129,0.25,0.75,0,0,0,0.07142857,0.4005376
35,62,0.4516129,0.25,0.75,0,0,0,0.07142857,0.4005376
35,63,0.4516129,0.1111111,0.75,1,0,0,0.07142857,0.4005376
35,64,0.4516129,0,0.75,0,0,0,0.07142857,0.4005376
35,65,0.4516129,0.25,0.75,0,0,0,0.04761905,0.4005376
35,66,0.4516129,0.25,0.75,0,0,0,0.07142857,0.4005376
35,67,0.4516129,0,0.75,0,0,0,0.07142857,0.4005376
35,68,0.4516129,0,0.75,0,0,0,0.07142857,0.4005376
35,69,0.4516129,0.25,0.75,0,0,0,0.07142857,0.4005376
35,70,0.4516129,0.25,0.75,0,0,0,0.1428571,0.4005376
35,71,0.4516129,0,0.75,0,0,0,0.07142857,0.4005376
35,72,0.4516129,0.1666667,0.75,1,0,0,0.1666667,0.4005376
35,73,0.4516129,0,0.75,0,0,0,0.0952381,0.4005376
35,74,0.4516129,0.2777778,0.75,1,0,0,0.07142857,0.4005376
35,75,0.4516129,0.4722222,0.75,0,0,0.6666667,0.07142857,0.4005376
35,76,0.4516129,0.1111111,0.75,1,0,0,0.07142857,0.4005376
35,77,0.4516129,0,0.75,0,0,0,0.07142857,0.4005376
35,78,0.4516129,0.25,0.75,0,0,0,0.07142857,0.4005376
35,79,0.4516129,0.3611111,0.75,0,0,0.6666667,0.07142857,0.4005376
35,80,0.4516129,0,0.75,0,0,0,0.07142857,0.4005376
35,81,0.4516129,0.1111111,0.75,1,0,0,0.07142857,0.4005376
35,82,0.4516129,0,0.75,0,0,0,0.07142857,0.4005376
35,83,0.4516129,0.25,0.75,0,0,0,0.07142857,0.4005376
35,84,0.4516129,0.25,0.75,0,0,0,0.07142857,0.4005376
35,85,0.4516129,0.25,0.75,0,0,0.6666667,0.0952381,0.4005376
35,86,0.4516129,0.25,0.75,0,0,0,0.07142857,0.4005376
35,87,0.4516129,0,0.75,0,0,0,0.07142857,0.4005376
35,88,0.4516129,0,0.75,0,0,0,0.07142857,0.4005376
35,89,0.4516129,0,0.75,0,0,0,0.1666667,0.4005376
35,90,0.4516129,0.3611111,0.75,0,0,0.6666667,0.07142857,0.4005376
35,91,0.4516129,0.1111111,0.75,1,0,0,0.07142857,0.4005376
35,92,0.4516129,0,0.75,0,0,0,0.07142857,0.4005376
35,93,0.4516129,0.1111111,0.75,1,0,0,0.1666667,0.4005376
35,94,0.4516129,0.1111111,0.75,1,0,0,0.07142857,0.4005376
35,95,0.4516129,0.25,0.75,0,0,0,0.07142857,0.4005376
35,96,0.4516129,0.25,0.75,0,0,0,0.07142857,0.4005376
35,97,0.4516129,0,0.75,0,0,0,0.07142857,0.4005376
35,98,0.4516129,0.25,0.75,0,0,0,0.07142857,0.4005376
35,99,0.4516129,0,0.75,0,0,0,0.07142857,0.4005376
36,0,0.4516129,0.25,0.75,0,0,0,0.07142857,0.4005376
36,1,0.4516129,0.3611111,0.75,0,0,0.6666667,0.02380952,0.4005376
36,2,0.4516129,0.25,0.75,0,0,0.6666667,0.02380952,0.4005376
36,3,0.4516129,0,0.75,0,0,0,0.07142857,0.4005376
36,4,0.4516129,0,0.75,0,0,0,0.07142857,0.4005376
36,5,0.4516129,0.4166667,0.75,0,0,0.6666667,0.07142857,0.4005376
36,6,0.4516129,0.1111111,0.75,1,0,0,0.1428571,0.4005376
36,7,0.4516129,0,0.75,0,0,0,0.07142857,0.4005376
36,8,0.4516129,0.3055556,0.75,0,0,0.6666667,0.07142857,0.4005376
36,9,0.4516129,0,0.75,0,0,0,0.07142857,0.4005376
36,10,0.4516129,0.2222222,0.75,1,0,0,0.0952381,0.4005376
36,11,0.4516129,0.25,0.75,0,0,0,0.07142857,0.4005376
36,12,0.4516129,0.3055556,0.75,0,0,0.6666667,0.0952381,0.4005376
36,13,0.4516129,0,0.75,0,0,0,0.07142857,0.4005376
36,14,0.4516129,0.25,0.75,0,0,0,0.07142857,0.4005376
36,15,0.4516129,0,0.75,0,0,0,0.07142857,0.4005376
36,16,0.4516129,0.3611111,0.75,0,0,0.6666667,0.07142857,0.4005376
36,17,0.4516129,0,0.75,0,0,0,0.04761905,0.4005376
36,18,0.4516129,0.25,0.75,0,0,0,0.07142857,0.4005376
36,19,0.4516129,0,0.75,0,0,0,0.1666667,0.4005376
36,20,0.4516129,0.25,0.75,0,0,0,0.1666667,0.4005376
36,21,0.4516129,0.25,0.75,0,0,0,0.07142857,0.4005376
36,22,0.4516129,0.25,0.75,0,0,0,0.07142857,0.4005376
36,23,0.4516129,0,0.75,0,0,0,0.07142857,0.4005376
36,24,0.4516129,0,0.75,0,0,0,0.07142857,0.4005376
36,25,0.4516129,0,0.75,0,0,0,0.07142857,0.4005376
36,26,0.4516129,0.2222222,0.75,1,0,0,0.07142857,0.4005376
36,27,0.4516129,0.25,0.75,0,0,0,0.07142857,0.4005376
36,28,0.4516129,0.2777778,0.75,1,0,0,0.07142857,0.4005376
36,29,0.4516129,0.25,0.75,0,0,0,0.07142857,0.4005376
36,30,0.4516129,0,0.75,0,0,0,0.07142857,0.4005376
36,31,0.4516129,0.1666667,0.75,1,0,0,0.07142857,0.4005376
36,32,0.4516129,0,0.75,0,0,0,0.07142857,0.4005376
36,33,0.4516129,0,0.75,0,0,0,0.04761905,0.4005376
36,34,0.4516129,0,0.75,0,0,0,0.07142857,0.4005376
36,35,0.4516129,0.4722222,0.75,0,0,0.6666667,0.07142857,0.4005376
36,36,0.4516129,0.25,0.75,0,0,0,0.1666667,0.4005376
36,37,0.4516129,0,0.75,0,0,0,0.1666667,0.4005376
36,38,0.4516129,0,0.75,0,0,0,0.0952381,0.4005376
36,39,0.4516129,0,0.75,0,0,0,0.0952381,0.4005376
36,40,0.4516129,0.25,0.75,0,0,0,0.07142857,0.4005376
36,41,0.4516129,0,0.75,0,0,0,0.07142857,0.4005376
36,42,0.4516129,0.25,0.75,0,0,0,0.07142857,0.4005376
36,43,0.4516129,0.3611111,0.75,0,0,0.6666667,0.07142857,0.4005376
36,44,0.4516129,0,0.75,0,0,0,0.07142857,0.4005376
36,45,0.4516129,0.1111111,0.75,1,0,0,0.07142857,0.4005376
36,46,0.4516129,0,0.75,0,0,0,0.07142857,0.4005376
36,47,0.4516129,0,0.75,0,0,0,0.07142857,0.4005376
36,48,0.4516129,0,0.75,0,0,0,0.07142857,0.4005376
36,49,0.4516129,0.25,0.75,0,0,0,0.07142857,0.4005376
36,50,0.4516129,0.25,0.75,0,0,0,0.07142857,0.4005376
36,51,0.4516129,0.25,0.75,0,0,0,0.07142857,0.4005376
36,52,0.4516129,0,0.75,0,0,0,0.04761905,0.4005376
36,53,0.4516129,0,0.75,0,0,0,0.04761905,0.4005376
36,54,0.4516129,0.25,0.75,0,0,0,0.07142857,0.4005376
36,55,0.4516129,0.1111111,0.75,1,0,0,0.07142857,0.4005376
36,56,0.4516129,0,0.75,0,0,0,0.1666667,0.4005376
36,57,0.4516129,0.25,0.75,0,0,0,0.0952381,0.4005376
36,58,0.4516129,0.25,0.75,0,0,0,0.07142857,0.4005376
36,59,0.4516129,0,0.75,0,0,0,0.07142857,0.4005376
36,60,0.4516129,0,0.75,0,0,0,0.07142857,0.4005376
36,61,0.4516129,0.25,0.75,0,0,0,0.07142857,0.4005376
36,62,0.4516129,0.25,0.75,0,0,0,0.07142857,0.4005376
36,63,0.4516129,0.1111111,0.75,1,0,0,0.07142857,0.4005376
36,64,0.4516129,0,0.75,0,0,0,0.07142857,0.4005376
36,65,0.4516129,0.25,0.75,0,0,0,0.04761905,0.4005376
36,66,0.4516129,0.25,0.75,0,0,0,0.07142857,0.4005376
36,67,0.4516129,0,0.75,0,0,0,0.07142857,0.4005376
36,68,0.4516129,0,0.75,0,0,0,0.07142857,0.4005376
36,69,0.4516129,0.25,0.75,0,0,0,0.07142857,0.4005376
36,70,0.4516129,0.25,0.75,0,0,0,0.1428571,0.4005376
36,71,0.4516129,0,0.75,0,0,0,0.07142857,0.4005376
36,72,0.4516129,0.1666667,0.75,1,0,0,0.1666667,0.4005376
36,73,0.4516129,0,0.75,0,0,0,0.0952381,0.4005376
36,74,0.4516129,0.2777778,0.75,1,0,0,0.07142857,0.4005376
36,75,0.4516129,0.4722222,0.75,0,0,0.6666667,0.07142857,0.4005376
36,76,0.4516129,0.1111111,0.75,1,0,0,0.07142857,0.4005376
36,77,0.4516129,0,0.75,0,0,0,0.07142857,0.4005376
36,78,0.4516129,0.25,0.75,0,0,0,0.07142857,0.4005376
36,79,0.4516129,0.3611111,0.75,0,0,0.6666667,0.07142857,0.4005376
36,80,0.4516129,0,0.75,0,0,0,0.07142857,0.4005376
36,81,0.4516129,0.1111111,0.75,1,0,0,0.07142857,0.4005376
36,82,0.4516129,0,0.75,0,0,0,0.07142857,0.4005376
36,83,0.4516129,0.25,0.75,0,0,0,0.07142857,0.4005376
36,84,0.4516129,0.25,0.75,0,0,0,0.07142857,0.4005376
36,85,0.4516129,0.25,0.75,0,0,0.6666667,0.0952381,0.4005376
36,86,0.4516129,0.25,0.75,0,0,0,0.07142857,0.4005376
36,87,0.4516129,0,0.75,0,0,0,0.07142857,0.4005376
36,88,0.4516129,0,0.75,0,0,0,0.07142857,0.4005376
36,89,0.4516129,0,0.75,0,0,0,0.1666667,0.4005376
36,90,0.4516129,0.3611111,0.75,0,0,0.6666667,0.07142857,0.4005376
36,91,0.4516129,0.1111111,0.75,1,0,0,0.07142857,0.4005376
36,92,0.4516129,0,0.75,0,0,0,0.07142857,0.4005376
36,93,0.4516129,0.1111111,0.75,1,0,0,0.1666667,0.4005376
36,94,0.4516129,0.1111111,0.75,1,0,0,0.07142857,0.4005376
36,95,0.4516129,0.25,0.75,0,0,0,0.07142857,0.4005376
36,96,0.4516129,0.25,0.75,0,0,0,0.07142857,0.4005376
36,97,0.4516129,0,0.75,0,0,0,0.07142857,0.4005376
36,98,0.4516129,0.25,0.75,0,0,0,0.07142857,0.4005376
36,99,0.4516129,0,0.75,0,0,0,0.07142857,0.4005376
37,0,0.4516129,0.25,0.75,0,0,0,0.07142857,0.4005376
37,1,0.4516129,0.3611111,0.75,0,0,0.6666667,0.02380952,0.4005376
37,2,0.4516129,0.25,0.75,0,0,0.6666667,0.02380952,0.4005376
37,3,0.4516129,0,0.75,0,0,0,0.07142857,0.4005376
37,4,0.4516129,0,0.75,0,0,0,0.07142857,0.4005376
37,5,0.4516129,0.4166667,0.75,0,0,0.6666667,0.07142857,0.4005376
37,6,0.4516129,0.1111111,0.75,1,0,0,0.1428571,0.4005376
37,7,0.4516129,0,0.75,0,0,0,0.07142857,0.4005376
37,8,0.4516129,0.3055556,0.75,0,0,0.6666667,0.07142857,0.4005376
37,9,0.4516129,0,0.75,0,0,0,0.07142857,0.4005376
37,10,0.4516129,0.2222222,0.75,1,0,0,0.0952381,0.4005376
37,11,0.4516129,0.25,0.75,0,0,0,0.07142857,0.4005376
37,12,0.4516129,0.3055556,0.75,0,0,0.6666667,0.0952381,0.4005376
37,13,0.4516129,0,0.75,0,0,0,0.07142857,0.4005376
37,14,0.4516129,0.25,0.75,0,0,0,0.07142857,0.4005376
37,15,0.4516129,0,0.75,0,0,0,0.07142857,0.4005376
37,16,0.4516129,0.3611111,0.75,0,0,0.6666667,0.07142857,0.4005376
37,17,0.4516129,0,0.75,0,0,0,0.04761905,0.4005376
37,18,0.4516129,0.25,0.75,0,0,0,0.07142857,0.4005376
37,19,0.4516129,0,0.75,0,0,0,0.1666667,0.4005376
37,20,0.4516129,0.25,0.75,0,0,0,0.1666667,0.4005376
37,21,0.4516129,0.25,0.75,0,0,0,0.07142857,0.4005376
37,22,0.4516129,0.25,0.75,0,0,0,0.07142857,0.4005376
37,23,0.4516129,0,0.75,0,0,0,0.07142857,0.4005376
37,24,0.4516129,0,0.75,0,0,0,0.07142857,0.4005376
37,25,0.4516129,0,0.75,0,0,0,0.07142857,0.4005376
37,26,0.4516129,0.2222222,0.75,1,0,0,0.07142857,0.4005376
37,27,0.4516129,0.25,0.75,0,0,0,0.07142857,0.4005376
37,28,0.4516129,0.2777778,0.75,1,0,0,0.07142857,0.4005376
37,29,0.4516129,0.25,0.75,0,0,0,0.07142857,0.4005376
37,30,0.4516129,0,0.75,0,0,0,0.07142857,0.4005376
37,31,0.4516129,0.1666667,0.75,1,0,0,0.07142857,0.4005376
37,32,0.4516129,0,0.75,0,0,0,0.07142857,0.4005376
37,33,0.4516129,0,0.75,0,0,0,0.04761905,0.4005376
37,34,0.4516129,0,0.75,0,0,0,0.07142857,0.4005376
37,35,0.4516129,0.4722222,0.75,0,0,0.6666667,0.07142857,0.4005376
37,36,0.4516129,0.25,0.75,0,0,0,0.1666667,0.4005376
37,37,0.4516129,0,0.75,0,0,0,0.1666667,0.4005376
37,38,0.4516129,0,0.75,0,0,0,0.0952381,0.4005376
37,39,0.4516129,0,0.75,0,0,0,0.0952381,0.4005376
37,40,0.4516129,0.25,0.75,0,0,0,0.07142857,0.4005376
37,41,0.4516129,0,0.75,0,0,0,0.07142857,0.4005376
37,42,0.4516129,0.25,0.75,0,0,0,0.07142857,0.4005376
37,43,0.4516129,0.3611111,0.75,0,0,0.6666667,0.07142857,0.4005376
37,44,0.4516129,0,0.75,0,0,0,0.07142857,0.4005376
37,45,0.4516129,0.1111111,0.75,1,0,0,0.07142857,0.4005376
37,46,0.4516129,0,0.75,0,0,0,0.07142857,0.4005376
37,47,0.4516129,0,0.75,0,0,0,0.07142857,0.4005376
37,48,0.4516129,0,0.75,0,0,0,0.07142857,0.4005376
37,49,0.4516129,0.25,0.75,0,0,0,0.07142857,0.4005376
37,50,0.4516129,0.25,0.75,0,0,0,0.07142857,0.4005376
37,51,0.4516129,0.25,0.75,0,0,0,0.07142857,0.4005376
37,52,0.4516129,0,0.75,0,0,0,0.04761905,0.4005376
37,53,0.4516129,0,0.75,0,0,0,0.04761905,0.4005376
37,54,0.4516129,0.25,0.75,0,0,0,0.07142857,0.4005376
37,55,0.4516129,0.1111111,0.75,1,0,0,0.07142857,0.4005376
37,56,0.4516129,0,0.75,0,0,0,0.1666667,0.4005376
37,57,0.4516129,0.25,0.75,0,0,0,0.0952381,0.4005376
37,58,0.4516129,0.25,0.75,0,0,0,0.07142857,0.4005376
37,59,0.4516129,0,0.75,0,0,0,0.07142857,0.4005376
37,60,0.4516129,0,0.75,0,0,0,0.07142857,0.4005376
37,61,0.4516129,0.25,0.75,0,0,0,0.07142857,0.4005376
37,62,0.4516129,0.25,0.75,0,0,0,0.07142857,0.4005376
37,63,0.4516129,0.1111111,0.75,1,0,0,0.07142857,0.4005376
37,64,0.4516129,0,0.75,0,0,0,0.07142857,0.4005376
37,65,0.4516129,0.25,0.75,0,0,0,0.04761905,0.4005376
37,66,0.4516129,0.25,0.75,0,0,0,0.07142857,0.4005376
37,67,0.4516129,0,0.75,0,0,0,0.07142857,0.4005376
37,68,0.4516129,0,0.75,0,0,0,0.07142857,0.4005376
37,69,0.4516129,0.25,0.75,0,0,0,0.07142857,0.4005376
37,70,0.4516129,0.25,0.75,0,0,0,0.1428571,0.4005376
37,71,0.4516129,0,0.75,0,0,0,0.07142857,0.4005376
37,72,0.4516129,0.1666667,0.75,1,0,0,0.1666667,0.4005376
37,73,0.4516129,0,0.75,0,0,0,0.0952381,0.4005376
37,74,0.4516129,0.2777778,0.75,1,0,0,0.07142857,0.4005376
37,75,0.4516129,0.4722222,0.75,0,0,0.6666667,0.07142857,0.4005376
37,76,0.4516129,0.1111111,0.75,1,0,0,0.07142857,0.4005376
37,77,0.4516129,0,0.75,0,0,0,0.07142857,0.4005376
37,78,0.4516129,0.25,0.75,0,0,0,0.07142857,0.4005376
37,79,0.4516129,0.3611111,0.75,0,0,0.6666667,0.07142857,0.4005376
37,80,0.4516129,0,0.75,0,0,0,0.07142857,0.4005376
37,81,0.4516129,0.1111111,0.75,1,0,0,0.07142857,0.4005376
37,82,0.4516129,0,0.75,0,0,0,0.07142857,0.4005376
37,83,0.4516129,0.25,0.75,0,0,0,0.07142857,0.4005376
37,84,0.4516129,0.25,0.75,0,0,0,0.07142857,0.4005376
37,85,0.4516129,0.25,0.75,0,0,0.6666667,0.0952381,0.4005376
37,86,0.4516129,0.25,0.75,0,0,0,0.07142857,0.4005376
37,87,0.4516129,0,0.75,0,0,0,0.07142857,0.4005376
37,88,0.4516129,0,0.75,0,0,0,0.07142857,0.4005376
37,89,0.4516129,0,0.75,0,0,0,0.1666667,0.4005376
37,90,0.4516129,0.3611111,0.75,0,0,0.6666667,0.07142857,0.4005376
37,91,0.4516129,0.1111111,0.75,1,0,0,0.07142857,0.4005376
37,92,0.4516129,0,0.75,0,0,0,0.07142857,0.4005376
37,93,0.4516129,0.1111111,0.75,1,0,0,0.1666667,0.4005376
37,94,0.4516129,0.1111111,0.75,1,0,0,0.07142857,0.4005376
37,95,0.4516129,0.25,0.75,0,0,0,0.07142857,0.4005376
37,96,0.4516129,0.25,0.75,0,0,0,0.07142857,0.4005376
37,97,0.4516129,0,0.75,0,0,0,0.07142857,0.4005376
37,98,0.4516129,0.25,0.75,0,0,0,0.07142857,0.4005376
37,99,0.4516129,0,0.75,0,0,0,0.07142857,0.4005376
38,0,0.4516129,0.25,0.75,0,0,0,0.07142857,0.4005376
38,1,0.4516129,0.3611111,0.75,0,0,0.6666667,0.02380952,0.4005376
38,2,0.4516129,0.25,0.75,0,0,0.6666667,0.02380952,0.4005376
38,3,0.4516129,0,0.75,0,0,0,0.07142857,0.4005376
38,4,0.4516129,0,0.75,0,0,0,0.07142857,0.4005376
38,5,0.4516129,0.4166667,0.75,0,0,0.6666667,0.07142857,0.4005376
38,6,0.4516129,0.1111111,0.75,1,0,0,0.1428571,0.4005376
38,7,0.4516129,0,0.75,0,0,0,0.07142857,0.4005376
38,8,0.4516129,0.3055556,0.75,0,0,0.6666667,0.07142857,0.4005376
38,9,0.4516129,0,0.75,0,0,0,0.07142857,0.4005376
38,10,0.4516129,0.2222222,0.75,1,0,0,0.0952381,0.4005376
38,11,0.4516129,0.25,0.75,0,0,0,0.07142857,0.4005376
38,12,0.4516129,0.3055556,0.75,0,0,0.6666667,0.0952381,0.4005376
38,13,0.4516129,0,0.75,0,0,0,0.07142857,0.4005376
38,14,0.4516129,0.25,0.75,0,0,0,0.07142857,0.4005376
38,15,0.4516129,0,0.75,0,0,0,0.07142857,0.4005376
38,16,0.4516129,0.3611111,0.75,0,0,0.6666667,0.07142857,0.4005376
38,17,0.4516129,0,0.75,0,0,0,0.04761905,0.4005376
38,18,0.4516129,0.25,0.75,0,0,0,0.07142857,0.4005376
38,19,0.4516129,0,0.75,0,0,0,0.1666667,0.4005376
38,20,0.4516129,0.25,0.75,0,0,0,0.1666667,0.4005376
38,21,0.4516129,0.25,0.75,0,0,0,0.07142857,0.4005376
38,22,0.4516129,0.25,0.75,0,0,0,0.07142857,0.4005376
38,23,0.4516129,0,0.75,0,0,0,0.07142857,0.4005376
38,24,0.4516129,0,0.75,0,0,0,0.07142857,0.4005376
38,25,0.4516129,0,0.75,0,0,0,0.07142857,0.4005376
38,26,0.4516129,0.2222222,0.75,1,0,0,0.07142857,0.4005376
38,27,0.4516129,0.25,0.75,0,0,0,0.07142857,0.4005376
38,28,0.4516129,0.2777778,0.75,1,0,0,0.07142857,0.4005376
38,29,0.4516129,0.25,0.75,0,0,0,0.07142857,0.4005376
38,30,0.4516129,0,0.75,0,0,0,0.07142857,0.4005376
38,31,0.4516129,0.1666667,0.75,1,0,0,0.07142857,0.4005376
38,32,0.4516129,0,0.75,0,0,0,0.07142857,0.4005376
38,33,0.4516129,0,0.75,0,0,0,0.04761905,0.4005376
38,34,0.4516129,0,0.75,0,0,0,0.07142857,0.4005376
38,35,0.4516129,0.4722222,0.75,0,0,0.6666667,0.07142857,0.4005376
38,36,0.4516129,0.25,0.75,0,0,0,0.1666667,0.4005376
38,37,0.4516129,0,0.75,0,0,0,0.1666667,0.4005376
38,38,0.4516129,0,0.75,0,0,0,0.0952381,0.4005376
38,39,0.4516129,0,0.75,0,0,0,0.0952381,0.4005376
38,40,0.4516129,0.25,0.75,0,0,0,0.07142857,0.4005376
38,41,0.4516129,0,0.75,0,0,0,0.07142857,0.4005376
38,42,0.4516129,0.25,0.75,0,0,0,0.07142857,0.4005376
38,43,0.4516129,0.3611111,0.75,0,0,0.6666667,0.07142857,0.4005376
38,44,0.4516129,0,0.75,0,0,0,0.07142857,0.4005376
38,45,0.4516129,0.1111111,0.75,1,0,0,0.07142857,0.4005376
38,46,0.4516129,0,0.75,0,0,0,0.07142857,0.4005376
38,47,0.4516129,0,0.75,0,0,0,0.07142857,0.4005376
38,48,0.4516129,0,0.75,0,0,0,0.07142857,0.4005376
38,49,0.4516129,0.25,0.75,0,0,0,0.07142857,0.4005376
38,50,0.4516129,0.25,0.75,0,0,0,0.07142857,0.4005376
38,51,0.4516129,0.25,0.75,0,0,0,0.07142857,0.4005376
38,52,0.4516129,0,0.75,0,0,0,0.04761905,0.4005376
38,53,0.4516129,0,0.75,0,0,0,0.04761905,0.4005376
38,54,0.4516129,0.25,0.75,0,0,0,0.07142857,0.4005376
38,55,0.4516129,0.1111111,0.75,1,0,0,0.07142857,0.4005376
38,56,0.4516129,0,0.75,0,0,0,0.1666667,0.4005376
38,57,0.4516129,0.25,0.75,0,0,0,0.0952381,0.4005376
38,58,0.4516129,0.25,0.75,0,0,0,0.07142857,0.4005376
38,59,0.4516129,0,0.75,0,0,0,0.07142857,0.4005376
38,60,0.4516129,0,0.75,0,0,0,0.07142857,0.4005376
38,61,0.4516129,0.25,0.75,0,0,0,0.07142857,0.4005376
38,62,0.4516129,0.25,0.75,0,0,0,0.07142857,0.4005376
38,63,0.4516129,0.1111111,0.75,1,0,0,0.07142857,0.4005376
38,64,0.4516129,0,0.75,0,0,0,0.07142857,0.4005376
38,65,0.4516129,0.25,0.75,0,0,0,0.04761905,0.4005376
38,66,0.4516129,0.25,0.75,0,0,0,0.07142857,0.4005376
38,67,0.4516129,0,0.75,0,0,0,0.07142857,0.4005376
38,68,0.4516129,0,0.75,0,0,0,0.07142857,0.4005376
38,69,0.4516129,0.25,0.75,0,0,0,0.07142857,0.4005376
38,70,0.4516129,0.25,0.75,0,0,0,0.1428571,0.4005376
38,71,0.4516129,0,0.75,0,0,0,0.07142857,0.4005376
38,72,0.4516129,0.1666667,0.75,1,0,0,0.1666667,0.4005376
38,73,0.4516129,0,0.75,0,0,0,0.0952381,0.4005376
38,74,0.4516129,0.2777778,0.75,1,0,0,0.07142857,0.4005376
38,75,0.4516129,0.4722222,0.75,0,0,0.6666667,0.07142857,0.4005376
38,76,0.4516129,0.1111111,0.75,1,0,0,0.07142857,0.4005376
38,77,0.4516129,0,0.75,0,0,0,0.07142857,0.4005376
38,78,0.4516129,0.25,0.75,0,0,0,0.07142857,0.4005376
38,79,0.4516129,0.3611111,0.75,0,0,0.6666667,0.07142857,0.4005376
38,80,0.4516129,0,0.75,0,0,0,0.07142857,0.4005376
38,81,0.4516129,0.1111111,0.75,1,0,0,0.07142857,0.4005376
38,82,0.4516129,0,0.75,0,0,0,0.07142857,0.4005376
38,83,0.4516129,0.25,0.75,0,0,0,0.07142857,0.4005376
38,84,0.4516129,0.25,0.75,0,0,0,0.07142857,0.4005376
38,85,0.4516129,0.25,0.75,0,0,0.6666667,0.0952381,0.4005376
38,86,0.4516129,0.25,0.75,0,0,0,0.07142857,0.4005376
38,87,0.4516129,0,0.75,0,0,0,0.07142857,0.4005376
38,88,0.4516129,0,0.75,0,0,0,0.07142857,0.4005376
38,89,0.4516129,0,0.75,0,0,0,0.1666667,0.4005376
38,90,0.4516129,0.3611111,0.75,0,0,0.6666667,0.07142857,0.4005376
38,91,0.4516129,0.1111111,0.75,1,0,0,0.07142857,0.4005376
38,92,0.4516129,0,0.75,0,0,0,0.07142857,0.4005376
38,93,0.4516129,0.1111111,0.75,1,0,0,0.1666667,0.4005376
38,94,0.4516129,0.1111111,0.75,1,0,0,0.07142857,0.4005376
38,95,0.4516129,0.25,0.75,0,0,0,0.07142857,0.4005376
38,96,0.4516129,0.25,0.75,0,0,0,0.07142857,0.4005376
38,97,0.4516129,0,0.75,0,0,0,0.07142857,0.4005376
38,98,0.4516129,0.25,0.75,0,0,0,0.07142857,0.4005376
38,99,0.4516129,0,0.75,0,0,0,0.07142857,0.4005376
39,0,0.4516129,0.25,0.75,0,0,0,0.07142857,0.4005376
39,1,0.4516129,0.3611111,0.75,0,0,0.6666667,0.02380952,0.4005376
39,2,0.4516129,0.25,0.75,0,0,0.6666667,0.02380952,0.4005376
39,3,0.4516129,0,0.75,0,0,0,0.07142857,0.4005376
39,4,0.4516129,0,0.75,0,0,0,0.07142857,0.4005376
39,5,0.4516129,0.4166667,0.75,0,0,0.6666667,0.07142857,0.4005376
39,6,0.4516129,0.1111111,0.75,1,0,0,0.1428571,0.4005376
39,7,0.4516129,0,0.75,0,0,0,0.07142857,0.4005376
39,8,0.4516129,0.3055556,0.75,0,0,0.6666667,0.07142857,0.4005376
39,9,0.4516129,0,0.75,0,0,0,0.07142857,0.4005376
39,10,0.4516129,0.2222222,0.75,1,0,0,0.0952381,0.4005376
39,11,0.4516129,0.25,0.75,0,0,0,0.07142857,0.4005376
39,12,0.4516129,0.3055556,0.75,0,0,0.6666667,0.0952381,0.4005376
39,13,0.4516129,0,0.75,0,0,0,0.07142857,0.4005376
39,14,0.4516129,0.25,0.75,0,0,0,0.07142857,0.4005376
39,15,0.4516129,0,0.75,0,0,0,0.07142857,0.4005376
39,16,0.4516129,0.3611111,0.75,0,0,0.6666667,0.07142857,0.4005376
39,17,0.4516129,0,0.75,0,0,0,0.04761905,0.4005376
39,18,0.4516129,0.25,0.75,0,0,0,0.07142857,0.4005376
39,19,0.4516129,0,0.75,0,0,0,0.1666667,0.4005376
39,20,0.4516129,0.25,0.75,0,0,0,0.1666667,0.4005376
39,21,0.4516129,0.25,0.75,0,0,0,0.07142857,0.4005376
39,22,0.4516129,0.25,0.75,0,0,0,0.07142857,0.4005376
39,23,0.4516129,0,0.75,0,0,0,0.07142857,0.4005376
39,24,0.4516129,0,0.75,0,0,0,0.07142857,0.4005376
39,25,0.4516129,0,0.75,0,0,0,0.07142857,0.4005376
39,26,0.4516129,0.2222222,0.75,1,0,0,0.07142857,0.4005376
39,27,0.4516129,0.25,0.75,0,0,0,0.07142857,0.4005376
39,28,0.4516129,0.2777778,0.75,1,0,0,0.07142857,0.4005376
39,29,0.4516129,0.25,0.75,0,0,0,0.07142857,0.4005376
39,30,0.4516129,0,0.75,0,0,0,0.07142857,0.4005376
39,31,0.4516129,0.1666667,0.75,1,0,0,0.07142857,0.4005376
39,32,0.4516129,0,0.75,0,0,0,0.07142857,0.4005376
39,33,0.4516129,0,0.75,0,0,0,0.04761905,0.4005376
39,34,0.4516129,0,0.75,0,0,0,0.07142857,0.4005376
39,35,0.4516129,0.4722222,0.75,0,0,0.6666667,0.07142857,0.4005376
39,36,0.4516129,0.25,0.75,0,0,0,0.1666667,0.4005376
39,37,0.4516129,0,0.75,0,0,0,0.1666667,0.4005376
39,38,0.4516129,0,0.75,0,0,0,0.0952381,0.4005376
39,39,0.4516129,0,0.75,0,0,0,0.0952381,0.4005376
39,40,0.4516129,0.25,0.75,0,0,0,0.07142857,0.4005376
39,41,0.4516129,0,0.75,0,0,0,0.07142857,0.4005376
39,42,0.4516129,0.25,0.75,0,0,0,0.07142857,0.4005376
39,43,0.4516129,0.3611111,0.75,0,0,0.6666667,0.07142857,0.4005376
39,44,0.4516129,0,0.75,0,0,0,0.07142857,0.4005376
39,45,0.4516129,0.1111111,0.75,1,0,0,0.07142857,0.4005376
39,46,0.4516129,0,0.75,0,0,0,0.07142857,0.4005376
39,47,0.4516129,0,0.75,0,0,0,0.07142857,0.4005376
39,48,0.4516129,0,0.75,0,0,0,0.07142857,0.4005376
39,49,0.4516129,0.25,0.75,0,0,0,0.07142857,0.4005376
39,50,0.4516129,0.25,0.75,0,0,0,0.07142857,0.4005376
39,51,0.4516129,0.25,0.75,0,0,0,0.07142857,0.4005376
39,52,0.4516129,0,0.75,0,0,0,0.04761905,0.4005376
39,53,0.4516129,0,0.75,0,0,0,0.04761905,0.4005376
39,54,0.4516129,0.25,0.75,0,0,0,0.07142857,0.4005376
39,55,0.4516129,0.1111111,0.75,1,0,0,0.07142857,0.4005376
39,56,0.4516129,0,0.75,0,0,0,0.1666667,0.4005376
39,57,0.4516129,0.25,0.75,0,0,0,0.0952381,0.4005376
39,58,0.4516129,0.25,0.75,0,0,0,0.07142857,0.4005376
39,59,0.4516129,0,0.75,0,0,0,0.07142857,0.4005376
39,60,0.4516129,0,0.75,0,0,0,0.07142857,0.4005376
39,61,0.4516129,0.25,0.75,0,0,0,0.07142857,0.4005376
39,62,0.4516129,0.25,0.75,0,0,0,0.07142857,0.4005376
39,63,0.4516129,0.1111111,0.75,1,0,0,0.07142857,0.4005376
39,64,0.4516129,0,0.75,0,0,0,0.07142857,0.4005376
39,65,0.4516129,0.25,0.75,0,0,0,0.04761905,0.4005376
39,66,0.4516129,0.25,0.75,0,0,0,0.07142857,0.4005376
39,67,0.4516129,0,0.75,0,0,0,0.07142857,0.4005376
39,68,0.4516129,0,0.75,0,0,0,0.07142857,0.4005376
39,69,0.4516129,0.25,0.75,0,0,0,0.07142857,0.4005376
39,70,0.4516129,0.25,0.75,0,0,0,0.1428571,0.4005376
39,71,0.4516129,0,0.75,0,0,0,0.07142857,0.4005376
39,72,0.4516129,0.1666667,0.75,1,0,0,0.1666667,0.4005376
39,73,0.4516129,0,0.75,0,0,0,0.0952381,0.4005376
39,74,0.4516129,0.2777778,0.75,1,0,0,0.07142857,0.4005376
39,75,0.4516129,0.4722222,0.75,0,0,0.6666667,0.07142857,0.4005376
39,76,0.4516129,0.1111111,0.75,1,0,0,0.07142857,0.4005376
39,77,0.4516129,0,0.75,0,0,0,0.07142857,0.4005376
39,78,0.4516129,0.25,0.75,0,0,0,0.07142857,0.4005376
39,79,0.4516129,0.3611111,0.75,0,0,0.6666667,0.07142857,0.4005376
39,80,0.4516129,0,0.75,0,0,0,0.07142857,0.4005376
39,81,0.4516129,0.1111111,0.75,1,0,0,0.07142857,0.4005376
39,82,0.4516129,0,0.75,0,0,0,0.07142857,0.4005376
39,83,0.4516129,0.25,0.75,0,0,0,0.07142857,0.4005376
39,84,0.4516129,0.25,0.75,0,0,0,0.07142857,0.4005376
39,85,0.4516129,0.25,0.75,0,0,0.6666667,0.0952381,0.4005376
39,86,0.4516129,0.25,0.75,0,0,0,0.07142857,0.4005376
39,87,0.4516129,0,0.75,0,0,0,0.07142857,0.4005376
39,88,0.4516129,0,0.75,0,0,0,0.07142857,0.4005376
39,89,0.4516129,0,0.75,0,0,0,0.1666667,0.4005376
39,90,0.4516129,0.3611111,0.75,0,0,0.6666667,0.07142857,0.4005376
39,91,0.4516129,0.1111111,0.75,1,0,0,0.07142857,0.4005376
39,92,0.4516129,0,0.75,0,0,0,0.07142857,0.4005376
39,93,0.4516129,0.1111111,0.75,1,0,0,0.1666667,0.4005376
39,94,0.4516129,0.1111111,0.75,1,0,0,0.07142857,0.4005376
39,95,0.4516129,0.25,0.75,0,0,0,0.07142857,0.4005376
39,96,0.4516129,0.25,0.75,0,0,0,0.07142857,0.4005376
39,97,0.4516129,0,0.75,0,0,0,0.07142857,0.4005376
39,98,0.4516129,0.25,0.75,0,0,0,0.07142857,0.4005376
39,99,0.4516129,0,0.75,0,0,0,0.07142857,0.4005376
40,0,0.4516129,0.25,0.75,0,0,0,0.07142857,0.4005376
40,1,0.4516129,0.3611111,0.75,0,0,0.6666667,0.02380952,0.4005376
40,2,0.4516129,0.25,0.75,0,0,0.6666667,0.02380952,0.4005376
40,3,0.4516129,0,0.75,0,0,0,0.07142857,0.4005376
40,4,0.4516129,0,0.75,0,0,0,0.07142857,0.4005376
40,5,0.4516129,0.4166667,0.75,0,0,0.6666667,0.07142857,0.4005376
40,6,0.4516129,0.1111111,0.75,1,0,0,0.1428571,0.4005376
40,7,0.4516129,0,0.75,0,0,0,0.07142857,0.4005376
40,8,0.4516129,0.3055556,0.75,0,0,0.6666667,0.07142857,0.4005376
40,9,0.4516129,0,0.75,0,0,0,0.07142857,0.4005376
40,10,0.4516129,0.2222222,0.75,1,0,0,0.0952381,0.4005376
40,11,0.4516129,0.25,0.75,0,0,0,0.07142857,0.4005376
40,12,0.4516129,0.3055556,0.75,0,0,0.6666667,0.0952381,0.4005376
40,13,0.4516129,0,0.75,0,0,0,0.07142857,0.4005376
40,14,0.4516129,0.25,0.75,0,0,0,0.07142857,0.4005376
40,15,0.4516129,0,0.75,0,0,0,0.07142857,0.4005376
40,16,0.4516129,0.3611111,0.75,0,0,0.6666667,0.07142857,0.4005376
40,17,0.4516129,0,0.75,0,0,0,0.04761905,0.4005376
40,18,0.4516129,0.25,0.75,0,0,0,0.07142857,0.4005376
40,19,0.4516129,0,0.75,0,0,0,0.1666667,0.4005376
40,20,0.4516129,0.25,0.75,0,0,0,0.1666667,0.4005376
40,21,0.4516129,0.25,0.75,0,0,0,0.07142857,0.4005376
40,22,0.4516129,0.25,0.75,0,0,0,0.07142857,0.4005376
40,23,0.4516129,0,0.75,0,0,0,0.07142857,0.4005376
40,24,0.4516129,0,0.75,0,0,0,0.07142857,0.4005376
40,25,0.4516129,0,0.75,0,0,0,0.07142857,0.4005376
40,26,0.4516129,0.2222222,0.75,1,0,0,0.07142857,0.4005376
40,27,0.4516129,0.25,0.75,0,0,0,0.07142857,0.4005376
40,28,0.4516129,0.2777778,0.75,1,0,0,0.07142857,0.4005376
40,29,0.4516129,0.25,0.75,0,0,0,0.07142857,0.4005376
40,30,0.4516129,0,0.75,0,0,0,0.07142857,0.4005376
40,31,0.4516129,0.1666667,0.75,1,0,0,0.07142857,0.4005376
40,32,0.4516129,0,0.75,0,0,0,0.07142857,0.4005376
40,33,0.4516129,0,0.75,0,0,0,0.04761905,0.4005376
40,34,0.4516129,0,0.75,0,0,0,0.07142857,0.4005376
40,35,0.4516129,0.4722222,0.75,0,0,0.6666667,0.07142857,0.4005376
40,36,0.4516129,0.25,0.75,0,0,0,0.1666667,0.4005376
40,37,0.4516129,0,0.75,0,0,0,0.1666667,0.4005376
40,38,0.4516129,0,0.75,0,0,0,0.0952381,0.4005376
40,39,0.4516129,0,0.75,0,0,0,0.0952381,0.4005376
40,40,0.4516129,0.25,0.75,0,0,0,0.07142857,0.4005376
40,41,0.4516129,0,0.75,0,0,0,0.07142857,0.4005376
40,42,0.4516129,0.25,0.75,0,0,0,0.07142857,0.4005376
40,43,0.4516129,0.3611111,0.75,0,0,0.6666667,0.07142857,0.4005376
40,44,0.4516129,0,0.75,0,0,0,0.07142857,0.4005376
40,45,0.4516129,0.1111111,0.75,1,0,0,0.07142857,0.4005376
40,46,0.4516129,0,0.75,0,0,0,0.07142857,0.4005376
40,47,0.4516129,0,0.75,0,0,0,0.07142857,0.4005376
40,48,0.4516129,0,0.75,0,0,0,0.07142857,0.4005376
40,49,0.4516129,0.25,0.75,0,0,0,0.07142857,0.4005376
40,50,0.4516129,0.25,0.75,0,0,0,0.07142857,0.4005376
40,51,0.4516129,0.25,0.75,0,0,0,0.07142857,0.4005376
40,52,0.4516129,0,0.75,0,0,0,0.04761905,0.4005376
40,53,0.4516129,0,0.75,0,0,0,0.04761905,0.4005376
40,54,0.4516129,0.25,0.75,0,0,0,0.07142857,0.4005376
40,55,0.4516129,0.1111111,0.75,1,0,0,0.07142857,0.4005376
40,56,0.4516129,0,0.75,0,0,0,0.1666667,0.4005376
40,57,0.4516129,0.25,0.75,0,0,0,0.0952381,0.4005376
40,58,0.4516129,0.25,0.75,0,0,0,0.07142857,0.4005376
40,59,0.4516129,0,0.75,0,0,0,0.07142857,0.4005376
40,60,0.4516129,0,0.75,0,0,0,0.07142857,0.4005376
40,61,0.4516129,0.25,0.75,0,0,0,0.07142857,0.4005376
40,62,0.4516129,0.25,0.75,0,0,0,0.07142857,0.4005376
40,63,0.4516129,0.1111111,0.75,1,0,0,0.07142857,0.4005376
40,64,0.4516129,0,0.75,0,0,0,0.07142857,0.4005376
40,65,0.4516129,0.25,0.75,0,0,0,0.04761905,0.4005376
40,66,0.4516129,0.25,0.75,0,0,0,0.07142857,0.4005376
40,67,0.4516129,0,0.75,0,0,0,0.07142857,0.4005376
40,68,0.4516129,0,0.75,0,0,0,0.07142857,0.4005376
40,69,0.4516129,0.25,0.75,0,0,0,0.07142857,0.4005376
40,70,0.4516129,0.25,0.75,0,0,0,0.1428571,0.4005376
40,71,0.4516129,0,0.75,0,0,0,0.07142857,0.4005376
40,72,0.4516129,0.1666667,0.75,1,0,0,0.1666667,0.4005376
40,73,0.4516129,0,0.75,0,0,0,0.0952381,0.4005376
40,74,0.4516129,0.2777778,0.75,1,0,0,0.07142857,0.4005376
40,75,0.4516129,0.4722222,0.75,0,0,0.6666667,0.07142857,0.4005376
40,76,0.4516129,0.1111111,0.75,1,0,0,0.07142857,0.4005376
40,77,0.4516129,0,0.75,0,0,0,0.07142857,0.4005376
40,78,0.4516129,0.25,0.75,0,0,0,0.07142857,0.4005376
40,79,0.4516129,0.3611111,0.75,0,0,0.6666667,0.07142857,0.4005376
40,80,0.4516129,0,0.75,0,0,0,0.07142857,0.4005376
40,81,0.4516129,0.1111111,0.75,1,0,0,0.07142857,0.4005376
40,82,0.4516129,0,0.75,0,0,0,0.07142857,0.4005376
40,83,0.4516129,0.25,0.75,0,0,0,0.07142857,0.4005376
40,84,0.4516129,0.25,0.75,0,0,0,0.07142857,0.4005376
40,85,0.4516129,0.25,0.75,0,0,0.6666667,0.0952381,0.4005376
40,86,0.4516129,0.25,0.75,0,0,0,0.07142857,0.4005376
40,87,0.4516129,0,0.75,0,0,0,0.07142857,0.4005376
40,88,0.4516129,0,0.75,0,0,0,0.07142857,0.4005376
40,89,0.4516129,0,0.75,0,0,0,0.1666667,0.4005376
40,90,0.4516129,0.3611111,0.75,0,0,0.6666667,0.07142857,0.4005376
40,91,0.4516129,0.1111111,0.75,1,0,0,0.07142857,0.4005376
40,92,0.4516129,0,0.75,0,0,0,0.07142857,0.4005376
40,93,0.4516129,0.1111111,0.75,1,0,0,0.1666667,0.4005376
40,94,0.4516129,0.1111111,0.75,1,0,0,0.07142857,0.4005376
40,95,0.4516129,0.25,0.75,0,0,0,0.07142857,0.4005376
40,96,0.4516129,0.25,0.75,0,0,0,0.07142857,0.4005376
40,97,0.4516129,0,0.75,0,0,0,0.07142857,0.4005376
40,98,0.4516129,0.25,0.75,0,0,0,0.07142857,0.4005376
40,99,0.4516129,0,0.75,0,0,0,0.07142857,0.4005376
41,0,0.4516129,0.25,0.75,0,0,0,0.07142857,0.4005376
41,1,0.4516129,0.3611111,0.75,0,0,0.6666667,0.02380952,0.4005376
41,2,0.4516129,0.25,0.75,0,0,0.6666667,0.02380952,0.4005376
41,3,0.4516129,0,0.75,0,0,0,0.07142857,0.4005376
41,4,0.4516129,0,0.75,0,0,0,0.07142857,0.4005376
41,5,0.4516129,0.4166667,0.75,0,0,0.6666667,0.07142857,0.4005376
41,6,0.4516129,0.1111111,0.75,1,0,0,0.1428571,0.4005376
41,7,0.4516129,0,0.75,0,0,0,0.07142857,0.4005376
41,8,0.4516129,0.3055556,0.75,0,0,0.6666667,0.07142857,0.4005376
41,9,0.4516129,0,0.75,0,0,0,0.07142857,0.4005376
41,10,0.4516129,0.2222222,0.75,1,0,0,0.0952381,0.4005376
41,11,0.4516129,0.25,0.75,0,0,0,0.07142857,0.4005376
41,12,0.4516129,0.3055556,0.75,0,0,0.6666667,0.0952381,0.4005376
41,13,0.4516129,0,0.75,0,0,0,0.07142857,0.4005376
41,14,0.4516129,0.25,0.75,0,0,0,0.07142857,0.4005376
41,15,0.4516129,0,0.75,0,0,0,0.07142857,0.4005376
41,16,0.4516129,0.3611111,0.75,0,0,0.6666667,0.07142857,0.4005376
41,17,0.4516129,0,0.75,0,0,0,0.04761905,0.4005376
41,18,0.4516129,0.25,0.75,0,0,0,0.07142857,0.4005376
41,19,0.4516129,0,0.75,0,0,0,0.1666667,0.4005376
41,20,0.4516129,0.25,0.75,0,0,0,0.1666667,0.4005376
41,21,0.4516129,0.25,0.75,0,0,0,0.07142857,0.4005376
41,22,0.4516129,0.25,0.75,0,0,0,0.07142857,0.4005376
41,23,0.4516129,0,0.75,0,0,0,0.07142857,0.4005376
41,24,0.4516129,0,0.75,0,0,0,0.07142857,0.4005376
41,25,0.4516129,0,0.75,0,0,0,0.07142857,0.4005376
41,26,0.4516129,0.2222222,0.75,1,0,0,0.07142857,0.4005376
41,27,0.4516129,0.25,0.75,0,0,0,0.07142857,0.4005376
41,28,0.4516129,0.2777778,0.75,1,0,0,0.07142857,0.4005376
41,29,0.4516129,0.25,0.75,0,0,0,0.07142857,0.4005376
41,30,0.4516129,0,0.75,0,0,0,0.07142857,0.4005376
41,31,0.4516129,0.1666667,0.75,1,0,0,0.07142857,0.4005376
41,32,0.4516129,0,0.75,0,0,0,0.07142857,0.4005376
41,33,0.4516129,0,0.75,0,0,0,0.04761905,0.4005376
41,34,0.4516129,0,0.75,0,0,0,0.07142857,0.4005376
41,35,0.4516129,0.4722222,0.75,0,0,0.6666667,0.07142857,0.4005376
41,36,0.4516129,0.25,0.75,0,0,0,0.1666667,0.4005376
41,37,0.4516129,0,0.75,0,0,0,0.1666667,0.4005376
41,38,0.4516129,0,0.75,0,0,0,0.0952381,0.4005376
41,39,0.4516129,0,0.75,0,0,0,0.0952381,0.4005376
41,40,0.4516129,0.25,0.75,0,0,0,0.07142857,0.4005376
41,41,0.4516129,0,0.75,0,0,0,0.07142857,0.4005376
41,42,0.4516129,0.25,0.75,0,0,0,0.07142857,0.4005376
41,43,0.4516129,0.3611111,0.75,0,0,0.6666667,0.07142857,0.4005376
41,44,0.4516129,0,0.75,0,0,0,0.07142857,0.4005376
41,45,0.4516129,0.1111111,0.75,1,0,0,0.07142857,0.4005376
41,46,0.4516129,0,0.75,0,0,0,0.07142857,0.4005376
41,47,0.4516129,0,0.75,0,0,0,0.07142857,0.4005376
41,48,0.4516129,0,0.75,0,0,0,0.07142857,0.4005376
41,49,0.4516129,0.25,0.75,0,0,0,0.07142857,0.4005376
41,50,0.4516129,0.25,0.75,0,0,0,0.07142857,0.4005376
41,51,0.4516129,0.25,0.75,0,0,0,0.07142857,0.4005376
41,52,0.4516129,0,0.75,0,0,0,0.04761905,0.4005376
41,53,0.4516129,0,0.75,0,0,0,0.04761905,0.4005376
41,54,0.4516129,0.25,0.75,0,0,0,0.07142857,0.4005376
41,55,0.4516129,0.1111111,0.75,1,0,0,0.07142857,0.4005376
41,56,0.4516129,0,0.75,0,0,0,0.1666667,0.4005376
41,57,0.4516129,0.25,0.75,0,0,0,0.0952381,0.4005376
41,58,0.4516129,0.25,0.75,0,0,0,0.07142857,0.4005376
41,59,0.4516129,0,0.75,0,0,0,0.07142857,0.4005376
41,60,0.4516129,0,0.75,0,0,0,0.07142857,0.4005376
41,61,0.4516129,0.25,0.75,0,0,0,0.07142857,0.4005376
41,62,0.4516129,0.25,0.75,0,0,0,0.07142857,0.4005376
41,63,0.4516129,0.1111111,0.75,1,0,0,0.07142857,0.4005376
41,64,0.4516129,0,0.75,0,0,0,0.07142857,0.4005376
41,65,0.4516129,0.25,0.75,0,0,0,0.04761905,0.4005376
41,66,0.4516129,0.25,0.75,0,0,0,0.07142857,0.4005376
41,67,0.4516129,0,0.75,0,0,0,0.07142857,0.4005376
41,68,0.4516129,0,0.75,0,0,0,0.07142857,0.4005376
41,69,0.4516129,0.25,0.75,0,0,0,0.07142857,0.4005376
41,70,0.4516129,0.25,0.75,0,0,0,0.1428571,0.4005376
41,71,0.4516129,0,0.75,0,0,0,0.07142857,0.4005376
41,72,0.4516129,0.1666667,0.75,1,0,0,0.1666667,0.4005376
41,73,0.4516129,0,0.75,0,0,0,0.0952381,0.4005376
41,74,0.4516129,0.2777778,0.75,1,0,0,0.07142857,0.4005376
41,75,0.4516129,0.4722222,0.75,0,0,0.6666667,0.07142857,0.4005376
41,76,0.4516129,0.1111111,0.75,1,0,0,0.07142857,0.4005376
41,77,0.4516129,0,0.75,0,0,0,0.07142857,0.4005376
41,78,0.4516129,0.25,0.75,0,0,0,0.07142857,0.4005376
41,79,0.4516129,0.3611111,0.75,0,0,0.6666667,0.07142857,0.4005376
41,80,0.4516129,0,0.75,0,0,0,0.07142857,0.4005376
41,81,0.4516129,0.1111111,0.75,1,0,0,0.07142857,0.4005376
41,82,0.4516129,0,0.75,0,0,0,0.07142857,0.4005376
41,83,0.4516129,0.25,0.75,0,0,0,0.07142857,0.4005376
41,84,0.4516129,0.25,0.75,0,0,0,0.07142857,0.4005376
41,85,0.4516129,0.25,0.75,0,0,0.6666667,0.0952381,0.4005376
41,86,0.4516129,0.25,0.75,0,0,0,0.07142857,0.4005376
41,87,0.4516129,0,0.75,0,0,0,0.07142857,0.4005376
41,88,0.4516129,0,0.75,0,0,0,0.07142857,0.4005376
41,89,0.4516129,0,0.75,0,0,0,0.1666667,0.4005376
41,90,0.4516129,0.3611111,0.75,0,0,0.6666667,0.07142857,0.4005376
41,91,0.4516129,0.1111111,0.75,1,0,0,0.07142857,0.4005376
41,92,0.4516129,0,0.75,0,0,0,0.07142857,0.4005376
41,93,0.4516129,0.1111111,0.75,1,0,0,0.1666667,0.4005376
41,94,0.4516129,0.1111111,0.75,1,0,0,0.07142857,0.4005376
41,95,0.4516129,0.25,0.75,0,0,0,0.07142857,0.4005376
41,96,0.4516129,0.25,0.75,0,0,0,0.07142857,0.4005376
41,97,0.4516129,0,0.75,0,0,0,0.07142857,0.4005376
41,98,0.4516129,0.25,0.75,0,0,0,0.07142857,0.4005376
41,99,0.4516129,0,0.75,0,0,0,0.07142857,0.4005376
42,0,0.4516129,0.25,0.75,0,0,0,0.07142857,0.4005376
42,1,0.4516129,0.3611111,0.75,0,0,0.6666667,0.02380952,0.4005376
42,2,0.4516129,0.25,0.75,0,0,0.6666667,0.02380952,0.4005376
42,3,0.4516129,0,0.75,0,0,0,0.07142857,0.4005376
42,4,0.4516129,0,0.75,0,0,0,0.07142857,0.4005376
42,5,0.4516129,0.4166667,0.75,0,0,0.6666667,0.07142857,0.4005376
42,6,0.4516129,0.1111111,0.75,1,0,0,0.1428571,0.4005376
42,7,0.4516129,0,0.75,0,0,0,0.07142857,0.4005376
42,8,0.4516129,0.3055556,0.75,0,0,0.6666667,0.07142857,0.4005376
42,9,0.4516129,0,0.75,0,0,0,0.07142857,0.4005376
42,10,0.4516129,0.2222222,0.75,1,0,0,0.0952381,0.4005376
42,11,0.4516129,0.25,0.75,0,0,0,0.07142857,0.4005376
42,12,0.4516129,0.3055556,0.75,0,0,0.6666667,0.0952381,0.4005376
42,13,0.4516129,0,0.75,0,0,0,0.07142857,0.4005376
42,14,0.4516129,0.25,0.75,0,0,0,0.07142857,0.4005376
42,15,0.4516129,0,0.75,0,0,0,0.07142857,0.4005376
42,16,0.4516129,0.3611111,0.75,0,0,0.6666667,0.07142857,0.4005376
42,17,0.4516129,0,0.75,0,0,0,0.04761905,0.4005376
42,18,0.4516129,0.25,0.75,0,0,0,0.07142857,0.4005376
42,19,0.4516129,0,0.75,0,0,0,0.1666667,0.4005376
42,20,0.4516129,0.25,0.75,0,0,0,0.1666667,0.4005376
42,21,0.4516129,0.25,0.75,0,0,0,0.07142857,0.4005376
42,22,0.4516129,0.25,0.75,0,0,0,0.07142857,0.4005376
42,23,0.4516129,0,0.75,0,0,0,0.07142857,0.4005376
42,24,0.4516129,0,0.75,0,0,0,0.07142857,0.4005376
42,25,0.4516129,0,0.75,0,0,0,0.07142857,0.4005376
42,26,0.4516129,0.2222222,0.75,1,0,0,0.07142857,0.4005376
42,27,0.4516129,0.25,0.75,0,0,0,0.07142857,0.4005376
42,28,0.4516129,0.2777778,0.75,1,0,0,0.07142857,0.4005376
42,29,0.4516129,0.25,0.75,0,0,0,0.07142857,0.4005376
42,30,0.4516129,0,0.75,0,0,0,0.07142857,0.4005376
42,31,0.4516129,0.1666667,0.75,1,0,0,0.07142857,0.4005376
42,32,0.4516129,0,0.75,0,0,0,0.07142857,0.4005376
42,33,0.4516129,0,0.75,0,0,0,0.04761905,0.4005376
42,34,0.4516129,0,0.75,0,0,0,0.07142857,0.4005376
42,35,0.4516129,0.4722222,0.75,0,0,0.6666667,0.07142857,0.4005376
42,36,0.4516129,0.25,0.75,0,0,0,0.1666667,0.4005376
42,37,0.4516129,0,0.75,0,0,0,0.1666667,0.4005376
42,38,0.4516129,0,0.75,0,0,0,0.0952381,0.4005376
42,39,0.4516129,0,0.75,0,0,0,0.0952381,0.4005376
42,40,0.4516129,0.25,0.75,0,0,0,0.07142857,0.4005376
42,41,0.4516129,0,0.75,0,0,0,0.07142857,0.4005376
42,42,0.4516129,0.25,0.75,0,0,0,0.07142857,0.4005376
42,43,0.4516129,0.3611111,0.75,0,0,0.6666667,0.07142857,0.4005376
42,44,0.4516129,0,0.75,0,0,0,0.07142857,0.4005376
42,45,0.4516129,0.1111111,0.75,1,0,0,0.07142857,0.4005376
42,46,0.4516129,0,0.75,0,0,0,0.07142857,0.4005376
42,47,0.4516129,0,0.75,0,0,0,0.07142857,0.4005376
42,48,0.4516129,0,0.75,0,0,0,0.07142857,0.4005376
42,49,0.4516129,0.25,0.75,0,0,0,0.07142857,0.4005376
42,50,0.4516129,0.25,0.75,0,0,0,0.07142857,0.4005376
42,51,0.4516129,0.25,0.75,0,0,0,0.07142857,0.4005376
42,52,0.4516129,0,0.75,0,0,0,0.04761905,0.4005376
42,53,0.4516129,0,0.75,0,0,0,0.04761905,0.4005376
42,54,0.4516129,0.25,0.75,0,0,0,0.07142857,0.4005376
42,55,0.4516129,0.1111111,0.75,1,0,0,0.07142857,0.4005376
42,56,0.4516129,0,0.75,0,0,0,0.1666667,0.4005376
42,57,0.4516129,0.25,0.75,0,0,0,0.0952381,0.4005376
42,58,0.4516129,0.25,0.75,0,0,0,0.07142857,0.4005376
42,59,0.4516129,0,0.75,0,0,0,0.07142857,0.4005376
42,60,0.4516129,0,0.75,0,0,0,0.07142857,0.4005376
42,61,0.4516129,0.25,0.75,0,0,0,0.07142857,0.4005376
42,62,0.4516129,0.25,0.75,0,0,0,0.07142857,0.4005376
42,63,0.4516129,0.1111111,0.75,1,0,0,0.07142857,0.4005376
42,64,0.4516129,0,0.75,0,0,0,0.07142857,0.4005376
42,65,0.4516129,0.25,0.75,0,0,0,0.04761905,0.4005376
42,66,0.4516129,0.25,0.75,0,0,0,0.07142857,0.4005376
42,67,0.4516129,0,0.75,0,0,0,0.07142857,0.4005376
42,68,0.4516129,0,0.75,0,0,0,0.07142857,0.4005376
42,69,0.4516129,0.25,0.75,0,0,0,0.07142857,0.4005376
42,70,0.4516129,0.25,0.75,0,0,0,0.1428571,0.4005376
42,71,0.4516129,0,0.75,0,0,0,0.07142857,0.4005376
42,72,0.4516129,0.1666667,0.75,1,0,0,0.1666667,0.4005376
42,73,0.4516129,0,0.75,0,0,0,0.0952381,0.4005376
42,74,0.4516129,0.2777778,0.75,1,0,0,0.07142857,0.4005376
42,75,0.4516129,0.4722222,0.75,0,0,0.6666667,0.07142857,0.4005376
42,76,0.4516129,0.1111111,0.75,1,0,0,0.07142857,0.4005376
42,77,0.4516129,0,0.75,0,0,0,0.07142857,0.4005376
42,78,0.4516129,0.25,0.75,0,0,0,0.07142857,0.4005376
42,79,0.4516129,0.3611111,0.75,0,0,0.6666667,0.07142857,0.4005376
42,80,0.4516129,0,0.75,0,0,0,0.07142857,0.4005376
42,81,0.4516129,0.1111111,0.75,1,0,0,0.07142857,0.4005376
42,82,0.4516129,0,0.75,0,0,0,0.07142857,0.4005376
42,83,0.4516129,0.25,0.75,0,0,0,0.07142857,0.4005376
42,84,0.4516129,0.25,0.75,0,0,0,0.07142857,0.4005376
42,85,0.4516129,0.25,0.75,0,0,0.6666667,0.0952381,0.4005376
42,86,0.4516129,0.25,0.75,0,0,0,0.07142857,0.4005376
42,87,0.4516129,0,0.75,0,0,0,0.07142857,0.4005376
42,88,0.4516129,0,0.75,0,0,0,0.07142857,0.4005376
42,89,0.4516129,0,0.75,0,0,0,0.1666667,0.4005376
42,90,0.4516129,0.3611111,0.75,0,0,0.6666667,0.07142857,0.4005376
42,91,0.4516129,0.1111111,0.75,1,0,0,0.07142857,0.4005376
42,92,0.4516129,0,0.75,0,0,0,0.07142857,0.4005376
42,93,0.4516129,0.1111111,0.75,1,0,0,0.1666667,0.4005376
42,94,0.4516129,0.1111111,0.75,1,0,0,0.07142857,0.4005376
42,95,0.4516129,0.25,0.75,0,0,0,0.07142857,0.4005376
42,96,0.4516129,0.25,0.75,0,0,0,0.07142857,0.4005376
42,97,0.4516129,0,0.75,0,0,0,0.07142857,0.4005376
42,98,0.4516129,0.25,0.75,0,0,0,0.07142857,0.4005376
42,99,0.4516129,0,0.75,0,0,0,0.07142857,0.4005376
43,0,0.4516129,0.25,0.75,0,0,0,0.07142857,0.4005376
43,1,0.4516129,0.3611111,0.75,0,0,0.6666667,0.02380952,0.4005376
43,2,0.4516129,0.25,0.75,0,0,0.6666667,0.02380952,0.4005376
43,3,0.4516129,0,0.75,0,0,0,0.07142857,0.4005376
43,4,0.4516129,0,0.75,0,0,0,0.07142857,0.4005376
43,5,0.4516129,0.4166667,0.75,0,0,0.6666667,0.07142857,0.4005376
43,6,0.4516129,0.1111111,0.75,1,0,0,0.1428571,0.4005376
43,7,0.4516129,0,0.75,0,0,0,0.07142857,0.4005376
43,8,0.4516129,0.3055556,0.75,0,0,0.6666667,0.07142857,0.4005376
43,9,0.4516129,0,0.75,0,0,0,0.07142857,0.4005376
43,10,0.4516129,0.2222222,0.75,1,0,0,0.0952381,0.4005376
43,11,0.4516129,0.25,0.75,0,0,0,0.07142857,0.4005376
43,12,0.4516129,0.3055556,0.75,0,0,0.6666667,0.0952381,0.4005376
43,13,0.4516129,0,0.75,0,0,0,0.07142857,0.4005376
43,14,0.4516129,0.25,0.75,0,0,0,0.07142857,0.4005376
43,15,0.4516129,0,0.75,0,0,0,0.07142857,0.4005376
43,16,0.4516129,0.3611111,0.75,0,0,0.6666667,0.07142857,0.4005376
43,17,0.4516129,0,0.75,0,0,0,0.04761905,0.4005376
43,18,0.4516129,0.25,0.75,0,0,0,0.07142857,0.4005376
43,19,0.4516129,0,0.75,0,0,0,0.1666667,0.4005376
43,20,0.4516129,0.25,0.75,0,0,0,0.1666667,0.4005376
43,21,0.4516129,0.25,0.75,0,0,0,0.07142857,0.4005376
43,22,0.4516129,0.25,0.75,0,0,0,0.07142857,0.4005376
43,23,0.4516129,0,0.75,0,0,0,0.07142857,0.4005376
43,24,0.4516129,0,0.75,0,0,0,0.07142857,0.4005376
43,25,0.4516129,0,0.75,0,0,0,0.07142857,0.4005376
43,26,0.4516129,0.2222222,0.75,1,0,0,0.07142857,0.4005376
43,27,0.4516129,0.25,0.75,0,0,0,0.07142857,0.4005376
43,28,0.4516129,0.2777778,0.75,1,0,0,0.07142857,0.4005376
43,29,0.4516129,0.25,0.75,0,0,0,0.07142857,0.4005376
43,30,0.4516129,0,0.75,0,0,0,0.07142857,0.4005376
43,31,0.4516129,0.1666667,0.75,1,0,0,0.07142857,0.4005376
43,32,0.4516129,0,0.75,0,0,0,0.07142857,0.4005376
43,33,0.4516129,0,0.75,0,0,0,0.04761905,0.4005376
43,34,0.4516129,0,0.75,0,0,0,0.07142857,0.4005376
43,35,0.4516129,0.4722222,0.75,0,0,0.6666667,0.07142857,0.4005376
43,36,0.4516129,0.25,0.75,0,0,0,0.1666667,0.4005376
43,37,0.4516129,0,0.75,0,0,0,0.1666667,0.4005376
43,38,0.4516129,0,0.75,0,0,0,0.0952381,0.4005376
43,39,0.4516129,0,0.75,0,0,0,0.0952381,0.4005376
43,40,0.4516129,0.25,0.75,0,0,0,0.07142857,0.4005376
43,41,0.4516129,0,0.75,0,0,0,0.07142857,0.4005376
43,42,0.4516129,0.25,0.75,0,0,0,0.07142857,0.4005376
43,43,0.4516129,0.3611111,0.75,0,0,0.6666667,0.07142857,0.4005376
43,44,0.4516129,0,0.75,0,0,0,0.07142857,0.4005376
43,45,0.4516129,0.1111111,0.75,1,0,0,0.07142857,0.4005376
43,46,0.4516129,0,0.75,0,0,0,0.07142857,0.4005376
43,47,0.4516129,0,0.75,0,0,0,0.07142857,0.4005376
43,48,0.4516129,0,0.75,0,0,0,0.07142857,0.4005376
43,49,0.4516129,0.25,0.75,0,0,0,0.07142857,0.4005376
43,50,0.4516129,0.25,0.75,0,0,0,0.07142857,0.4005376
43,51,0.4516129,0.25,0.75,0,0,0,0.07142857,0.4005376
43,52,0.4516129,0,0.75,0,0,0,0.04761905,0.4005376
43,53,0.4516129,0,0.75,0,0,0,0.04761905,0.4005376
43,54,0.4516129,0.25,0.75,0,0,0,0.07142857,0.4005376
43,55,0.4516129,0.1111111,0.75,1,0,0,0.07142857,0.4005376
43,56,0.4516129,0,0.75,0,0,0,0.1666667,0.4005376
43,57,0.4516129,0.25,0.75,0,0,0,0.0952381,0.4005376
43,58,0.4516129,0.25,0.75,0,0,0,0.07142857,0.4005376
43,59,0.4516129,0,0.75,0,0,0,0.07142857,0.4005376
43,60,0.4516129,0,0.75,0,0,0,0.07142857,0.4005376
43,61,0.4516129,0.25,0.75,0,0,0,0.07142857,0.4005376
43,62,0.4516129,0.25,0.75,0,0,0,0.07142857,0.4005376
43,63,0.4516129,0.1111111,0.75,1,0,0,0.07142857,0.4005376
43,64,0.4516129,0,0.75,0,0,0,0.07142857,0.4005376
43,65,0.4516129,0.25,0.75,0,0,0,0.04761905,0.4005376
43,66,0.4516129,0.25,0.75,0,0,0,0.07142857,0.4005376
43,67,0.4516129,0,0.75,0,0,0,0.07142857,0.4005376
43,68,0.4516129,0,0.75,0,0,0,0.07142857,0.4005376
43,69,0.4516129,0.25,0.75,0,0,0,0.07142857,0.4005376
43,70,0.4516129,0.25,0.75,0,0,0,0.1428571,0.4005376
43,71,0.4516129,0,0.75,0,0,0,0.07142857,0.4005376
43,72,0.4516129,0.1666667,0.75,1,0,0,0.1666667,0.4005376
43,73,0.4516129,0,0.75,0,0,0,0.0952381,0.4005376
43,74,0.4516129,0.2777778,0.75,1,0,0,0.07142857,0.4005376
43,75,0.4516129,0.4722222,0.75,0,0,0.6666667,0.07142857,0.4005376
43,76,0.4516129,0.1111111,0.75,1,0,0,0.07142857,0.4005376
43,77,0.4516129,0,0.75,0,0,0,0.07142857,0.4005376
43,78,0.4516129,0.25,0.75,0,0,0,0.07142857,0.4005376
43,79,0.4516129,0.3611111,0.75,0,0,0.6666667,0.07142857,0.4005376
43,80,0.4516129,0,0.75,0,0,0,0.07142857,0.4005376
43,81,0.4516129,0.1111111,0.75,1,0,0,0.07142857,0.4005376
43,82,0.4516129,0,0.75,0,0,0,0.07142857,0.4005376
43,83,0.4516129,0.25,0.75,0,0,0,0.07142857,0.4005376
43,84,0.4516129,0.25,0.75,0,0,0,0.07142857,0.4005376
43,85,0.4516129,0.25,0.75,0,0,0.6666667,0.0952381,0.4005376
43,86,0.4516129,0.25,0.75,0,0,0,0.07142857,0.4005376
43,87,0.4516129,0,0.75,0,0,0,0.07142857,0.4005376
43,88,0.4516129,0,0.75,0,0,0,0.07142857,0.4005376
43,89,0.4516129,0,0.75,0,0,0,0.1666667,0.4005376
43,90,0.4516129,0.3611111,0.75,0,0,0.6666667,0.07142857,0.4005376
43,91,0.4516129,0.1111111,0.75,1,0,0,0.07142857,0.4005376
43,92,0.4516129,0,0.75,0,0,0,0.07142857,0.4005376
43,93,0.4516129,0.1111111,0.75,1,0,0,0.1666667,0.4005376
43,94,0.4516129,0.1111111,0.75,1,0,0,0.07142857,0.4005376
43,95,0.4516129,0.25,0.75,0,0,0,0.07142857,0.4005376
43,96,0.4516129,0.25,0.75,0,0,0,0.07142857,0.4005376
43,97,0.4516129,0,0.75,0,0,0,0.07142857,0.4005376
43,98,0.4516129,0.25,0.75,0,0,0,0.07142857,0.4005376
43,99,0.4516129,0,0.75,0,0,0,0.07142857,0.4005376
44,0,0.4516129,0.25,0.75,0,0,0,0.07142857,0.4005376
44,1,0.4516129,0.3611111,0.75,0,0,0.6666667,0.02380952,0.4005376
44,2,0.4516129,0.25,0.75,0,0,0.6666667,0.02380952,0.4005376
44,3,0.4516129,0,0.75,0,0,0,0.07142857,0.4005376
44,4,0.4516129,0,0.75,0,0,0,0.07142857,0.4005376
44,5,0.4516129,0.4166667,0.75,0,0,0.6666667,0.07142857,0.4005376
44,6,0.4516129,0.1111111,0.75,1,0,0,0.1428571,0.4005376
44,7,0.4516129,0,0.75,0,0,0,0.07142857,0.4005376
44,8,0.4516129,0.3055556,0.75,0,0,0.6666667,0.07142857,0.4005376
44,9,0.4516129,0,0.75,0,0,0,0.07142857,0.4005376
44,10,0.4516129,0.2222222,0.75,1,0,0,0.0952381,0.4005376
44,11,0.4516129,0.25,0.75,0,0,0,0.07142857,0.4005376
44,12,0.4516129,0.3055556,0.75,0,0,0.6666667,0.0952381,0.4005376
44,13,0.4516129,0,0.75,0,0,0,0.07142857,0.4005376
44,14,0.4516129,0.25,0.75,0,0,0,0.07142857,0.4005376
44,15,0.4516129,0,0.75,0,0,0,0.07142857,0.4005376
44,16,0.4516129,0.3611111,0.75,0,0,0.6666667,0.07142857,0.4005376
44,17,0.4516129,0,0.75,0,0,0,0.04761905,0.4005376
44,18,0.4516129,0.25,0.75,0,0,0,0.07142857,0.4005376
44,19,0.4516129,0,0.75,0,0,0,0.1666667,0.4005376
44,20,0.4516129,0.25,0.75,0,0,0,0.1666667,0.4005376
44,21,0.4516129,0.25,0.75,0,0,0,0.07142857,0.4005376
44,22,0.4516129,0.25,0.75,0,0,0,0.07142857,0.4005376
44,23,0.4516129,0,0.75,0,0,0,0.07142857,0.4005376
44,24,0.4516129,0,0.75,0,0,0,0.07142857,0.4005376
44,25,0.4516129,0,0.75,0,0,0,0.07142857,0.4005376
44,26,0.4516129,0.2222222,0.75,1,0,0,0.07142857,0.4005376
44,27,0.4516129,0.25,0.75,0,0,0,0.07142857,0.4005376
44,28,0.4516129,0.2777778,0.75,1,0,0,0.07142857,0.4005376
44,29,0.4516129,0.25,0.75,0,0,0,0.07142857,0.4005376
44,30,0.4516129,0,0.75,0,0,0,0.07142857,0.4005376
44,31,0.4516129,0.1666667,0.75,1,0,0,0.07142857,0.4005376
44,32,0.4516129,0,0.75,0,0,0,0.07142857,0.4005376
44,33,0.4516129,0,0.75,0,0,0,0.04761905,0.4005376
44,34,0.4516129,0,0.75,0,0,0,0.07142857,0.4005376
44,35,0.4516129,0.4722222,0.75,0,0,0.6666667,0.07142857,0.4005376
44,36,0.4516129,0.25,0.75,0,0,0,0.1666667,0.4005376
44,37,0.4516129,0,0.75,0,0,0,0.1666667,0.4005376
44,38,0.4516129,0,0.75,0,0,0,0.0952381,0.4005376
44,39,0.4516129,0,0.75,0,0,0,0.0952381,0.4005376
44,40,0.4516129,0.25,0.75,0,0,0,0.07142857,0.4005376
44,41,0.4516129,0,0.75,0,0,0,0.07142857,0.4005376
44,42,0.4516129,0.25,0.75,0,0,0,0.07142857,0.4005376
44,43,0.4516129,0.3611111,0.75,0,0,0.6666667,0.07142857,0.4005376
44,44,0.4516129,0,0.75,0,0,0,0.07142857,0.4005376
44,45,0.4516129,0.1111111,0.75,1,0,0,0.07142857,0.4005376
44,46,0.4516129,0,0.75,0,0,0,0.07142857,0.4005376
44,47,0.4516129,0,0.75,0,0,0,0.07142857,0.4005376
44,48,0.4516129,0,0.75,0,0,0,0.07142857,0.4005376
44,49,0.4516129,0.25,0.75,0,0,0,0.07142857,0.4005376
44,50,0.4516129,0.25,0.75,0,0,0,0.07142857,0.4005376
44,51,0.4516129,0.25,0.75,0,0,0,0.07142857,0.4005376
44,52,0.4516129,0,0.75,0,0,0,0.04761905,0.4005376
44,53,0.4516129,0,0.75,0,0,0,0.04761905,0.4005376
44,54,0.4516129,0.25,0.75,0,0,0,0.07142857,0.4005376
44,55,0.4516129,0.1111111,0.75,1,0,0,0.07142857,0.4005376
44,56,0.4516129,0,0.75,0,0,0,0.1666667,0.4005376
44,57,0.4516129,0.25,0.75,0,0,0,0.0952381,0.4005376
44,58,0.4516129,0.25,0.75,0,0,0,0.07142857,0.4005376
44,59,0.4516129,0,0.75,0,0,0,0.07142857,0.4005376
44,60,0.4516129,0,0.75,0,0,0,0.07142857,0.4005376
44,61,0.4516129,0.25,0.75,0,0,0,0.07142857,0.4005376
44,62,0.4516129,0.25,0.75,0,0,0,0.07142857,0.4005376
44,63,0.4516129,0.1111111,0.75,1,0,0,0.07142857,0.4005376
44,64,0.4516129,0,0.75,0,0,0,0.07142857,0.4005376
44,65,0.4516129,0.25,0.75,0,0,0,0.04761905,0.4005376
44,66,0.4516129,0.25,0.75,0,0,0,0.07142857,0.4005376
44,67,0.4516129,0,0.75,0,0,0,0.07142857,0.4005376
44,68,0.4516129,0,0.75,0,0,0,0.07142857,0.4005376
44,69,0.4516129,0.25,0.75,0,0,0,0.07142857,0.4005376
44,70,0.4516129,0.25,0.75,0,0,0,0.1428571,0.4005376
44,71,0.4516129,0,0.75,0,0,0,0.07142857,0.4005376
44,72,0.4516129,0.1666667,0.75,1,0,0,0.1666667,0.4005376
44,73,0.4516129,0,0.75,0,0,0,0.0952381,0.4005376
44,74,0.4516129,0.2777778,0.75,1,0,0,0.07142857,0.4005376
44,75,0.4516129,0.4722222,0.75,0,0,0.6666667,0.07142857,0.4005376
44,76,0.4516129,0.1111111,0.75,1,0,0,0.07142857,0.4005376
44,77,0.4516129,0,0.75,0,0,0,0.07142857,0.4005376
44,78,0.4516129,0.25,0.75,0,0,0,0.07142857,0.4005376
44,79,0.4516129,0.3611111,0.75,0,0,0.6666667,0.07142857,0.4005376
44,80,0.4516129,0,0.75,0,0,0,0.07142857,0.4005376
44,81,0.4516129,0.1111111,0.75,1,0,0,0.07142857,0.4005376
44,82,0.4516129,0,0.75,0,0,0,0.07142857,0.4005376
44,83,0.4516129,0.25,0.75,0,0,0,0.07142857,0.4005376
44,84,0.4516129,0.25,0.75,0,0,0,0.07142857,0.4005376
44,85,0.4516129,0.25,0.75,0,0,0.6666667,0.0952381,0.4005376
44,86,0.4516129,0.25,0.75,0,0,0,0.07142857,0.4005376
44,87,0.4516129,0,0.75,0,0,0,0.07142857,0.4005376
44,88,0.4516129,0,0.75,0,0,0,0.07142857,0.4005376
44,89,0.4516129,0,0.75,0,0,0,0.1666667,0.4005376
44,90,0.4516129,0.3611111,0.75,0,0,0.6666667,0.07142857,0.4005376
44,91,0.4516129,0.1111111,0.75,1,0,0,0.07142857,0.4005376
44,92,0.4516129,0,0.75,0,0,0,0.07142857,0.4005376
44,93,0.4516129,0.1111111,0.75,1,0,0,0.1666667,0.4005376
44,94,0.4516129,0.1111111,0.75,1,0,0,0.07142857,0.4005376
44,95,0.4516129,0.25,0.75,0,0,0,0.07142857,0.4005376
44,96,0.4516129,0.25,0.75,0,0,0,0.07142857,0.4005376
44,97,0.4516129,0,0.75,0,0,0,0.07142857,0.4005376
44,98,0.4516129,0.25,0.75,0,0,0,0.07142857,0.4005376
44,99,0.4516129,0,0.75,0,0,0,0.07142857,0.4005376
45,0,0.4516129,0.25,0.75,0,0,0,0.07142857,0.4005376
45,1,0.4516129,0.3611111,0.75,0,0,0.6666667,0.02380952,0.4005376
45,2,0.4516129,0.25,0.75,0,0,0.6666667,0.02380952,0.4005376
45,3,0.4516129,0,0.75,0,0,0,0.07142857,0.4005376
45,4,0.4516129,0,0.75,0,0,0,0.07142857,0.4005376
45,5,0.4516129,0.4166667,0.75,0,0,0.6666667,0.07142857,0.4005376
45,6,0.4516129,0.1111111,0.75,1,0,0,0.1428571,0.4005376
45,7,0.4516129,0,0.75,0,0,0,0.07142857,0.4005376
45,8,0.4516129,0.3055556,0.75,0,0,0.6666667,0.07142857,0.4005376
45,9,0.4516129,0,0.75,0,0,0,0.07142857,0.4005376
45,10,0.4516129,0.2222222,0.75,1,0,0,0.0952381,0.4005376
45,11,0.4516129,0.25,0.75,0,0,0,0.07142857,0.4005376
45,12,0.4516129,0.3055556,0.75,0,0,0.6666667,0.0952381,0.4005376
45,13,0.4516129,0,0.75,0,0,0,0.07142857,0.4005376
45,14,0.4516129,0.25,0.75,0,0,0,0.07142857,0.4005376
45,15,0.4516129,0,0.75,0,0,0,0.07142857,0.4005376
45,16,0.4516129,0.3611111,0.75,0,0,0.6666667,0.07142857,0.4005376
45,17,0.4516129,0,0.75,0,0,0,0.04761905,0.4005376
45,18,0.4516129,0.25,0.75,0,0,0,0.07142857,0.4005376
45,19,0.4516129,0,0.75,0,0,0,0.1666667,0.4005376
45,20,0.4516129,0.25,0.75,0,0,0,0.1666667,0.4005376
45,21,0.4516129,0.25,0.75,0,0,0,0.07142857,0.4005376
45,22,0.4516129,0.25,0.75,0,0,0,0.07142857,0.4005376
45,23,0.4516129,0,0.75,0,0,0,0.07142857,0.4005376
45,24,0.4516129,0,0.75,0,0,0,0.07142857,0.4005376
45,25,0.4516129,0,0.75,0,0,0,0.07142857,0.4005376
45,26,0.4516129,0.2222222,0.75,1,0,0,0.07142857,0.4005376
45,27,0.4516129,0.25,0.75,0,0,0,0.07142857,0.4005376
45,28,0.4516129,0.2777778,0.75,1,0,0,0.07142857,0.4005376
45,29,0.4516129,0.25,0.75,0,0,0,0.07142857,0.4005376
45,30,0.4516129,0,0.75,0,0,0,0.07142857,0.4005376
45,31,0.4516129,0.1666667,0.75,1,0,0,0.07142857,0.4005376
45,32,0.4516129,0,0.75,0,0,0,0.07142857,0.4005376
45,33,0.4516129,0,0.75,0,0,0,0.04761905,0.4005376
45,34,0.4516129,0,0.75,0,0,0,0.07142857,0.4005376
45,35,0.4516129,0.4722222,0.75,0,0,0.6666667,0.07142857,0.4005376
45,36,0.4516129,0.25,0.75,0,0,0,0.1666667,0.4005376
45,37,0.4516129,0,0.75,0,0,0,0.1666667,0.4005376
45,38,0.4516129,0,0.75,0,0,0,0.0952381,0.4005376
45,39,0.4516129,0,0.75,0,0,0,0.0952381,0.4005376
45,40,0.4516129,0.25,0.75,0,0,0,0.07142857,0.4005376
45,41,0.4516129,0,0.75,0,0,0,0.07142857,0.4005376
45,42,0.4516129,0.25,0.75,0,0,0,0.07142857,0.4005376
45,43,0.4516129,0.3611111,0.75,0,0,0.6666667,0.07142857,0.4005376
45,44,0.4516129,0,0.75,0,0,0,0.07142857,0.4005376
45,45,0.4516129,0.1111111,0.75,1,0,0,0.07142857,0.4005376
45,46,0.4516129,0,0.75,0,0,0,0.07142857,0.4005376
45,47,0.4516129,0,0.75,0,0,0,0.07142857,0.4005376
45,48,0.4516129,0,0.75,0,0,0,0.07142857,0.4005376
45,49,0.4516129,0.25,0.75,0,0,0,0.07142857,0.4005376
45,50,0.4516129,0.25,0.75,0,0,0,0.07142857,0.4005376
45,51,0.4516129,0.25,0.75,0,0,0,0.07142857,0.4005376
45,52,0.4516129,0,0.75,0,0,0,0.04761905,0.4005376
45,53,0.4516129,0,0.75,0,0,0,0.04761905,0.4005376
45,54,0.4516129,0.25,0.75,0,0,0,0.07142857,0.4005376
45,55,0.4516129,0.1111111,0.75,1,0,0,0.07142857,0.4005376
45,56,0.4516129,0,0.75,0,0,0,0.1666667,0.4005376
45,57,0.4516129,0.25,0.75,0,0,0,0.0952381,0.4005376
45,58,0.4516129,0.25,0.75,0,0,0,0.07142857,0.4005376
45,59,0.4516129,0,0.75,0,0,0,0.07142857,0.4005376
45,60,0.4516129,0,0.75,0,0,0,0.07142857,0.4005376
45,61,0.4516129,0.25,0.75,0,0,0,0.07142857,0.4005376
45,62,0.4516129,0.25,0.75,0,0,0,0.07142857,0.4005376
45,63,0.4516129,0.1111111,0.75,1,0,0,0.07142857,0.4005376
45,64,0.4516129,0,0.75,0,0,0,0.07142857,0.4005376
45,65,0.4516129,0.25,0.75,0,0,0,0.04761905,0.4005376
45,66,0.4516129,0.25,0.75,0,0,0,0.07142857,0.4005376
45,67,0.4516129,0,0.75,0,0,0,0.07142857,0.4005376
45,68,0.4516129,0,0.75,0,0,0,0.07142857,0.4005376
45,69,0.4516129,0.25,0.75,0,0,0,0.07142857,0.4005376
45,70,0.4516129,0.25,0.75,0,0,0,0.1428571,0.4005376
45,71,0.4516129,0,0.75,0,0,0,0.07142857,0.4005376
45,72,0.4516129,0.1666667,0.75,1,0,0,0.1666667,0.4005376
45,73,0.4516129,0,0.75,0,0,0,0.0952381,0.4005376
45,74,0.4516129,0.2777778,0.75,1,0,0,0.07142857,0.4005376
45,75,0.4516129,0.4722222,0.75,0,0,0.6666667,0.07142857,0.4005376
45,76,0.4516129,0.1111111,0.75,1,0,0,0.07142857,0.4005376
45,77,0.4516129,0,0.75,0,0,0,0.07142857,0.4005376
45,78,0.4516129,0.25,0.75,0,0,0,0.07142857,0.4005376
45,79,0.4516129,0.3611111,0.75,0,0,0.6666667,0.07142857,0.4005376
45,80,0.4516129,0,0.75,0,0,0,0.07142857,0.4005376
45,81,0.4516129,0.1111111,0.75,1,0,0,0.07142857,0.4005376
45,82,0.4516129,0,0.75,0,0,0,0.07142857,0.4005376
45,83,0.4516129,0.25,0.75,0,0,0,0.07142857,0.4005376
45,84,0.4516129,0.25,0.75,0,0,0,0.07142857,0.4005376
45,85,0.4516129,0.25,0.75,0,0,0.6666667,0.0952381,0.4005376
45,86,0.4516129,0.25,0.75,0,0,0,0.07142857,0.4005376
45,87,0.4516129,0,0.75,0,0,0,0.07142857,0.4005376
45,88,0.4516129,0,0.75,0,0,0,0.07142857,0.4005376
45,89,0.4516129,0,0.75,0,0,0,0.1666667,0.4005376
45,90,0.4516129,0.3611111,0.75,0,0,0.6666667,0.07142857,0.4005376
45,91,0.4516129,0.1111111,0.75,1,0,0,0.07142857,0.4005376
45,92,0.4516129,0,0.75,0,0,0,0.07142857,0.4005376
45,93,0.4516129,0.1111111,0.75,1,0,0,0.1666667,0.4005376
45,94,0.4516129,0.1111111,0.75,1,0,0,0.07142857,0.4005376
45,95,0.4516129,0.25,0.75,0,0,0,0.07142857,0.4005376
45,96,0.4516129,0.25,0.75,0,0,0,0.07142857,0.4005376
45,97,0.4516129,0,0.75,0,0,0,0.07142857,0.4005376
45,98,0.4516129,0.25,0.75,0,0,0,0.07142857,0.4005376
45,99,0.4516129,0,0.75,0,0,0,0.07142857,0.4005376
46,0,0.4516129,0.25,0.75,0,0,0,0.07142857,0.4005376
46,1,0.4516129,0.3611111,0.75,0,0,0.6666667,0.02380952,0.4005376
46,2,0.4516129,0.25,0.75,0,0,0.6666667,0.02380952,0.4005376
46,3,0.4516129,0,0.75,0,0,0,0.07142857,0.4005376
46,4,0.4516129,0,0.75,0,0,0,0.07142857,0.4005376
46,5,0.4516129,0.4166667,0.75,0,0,0.6666667,0.07142857,0.4005376
46,6,0.4516129,0.1111111,0.75,1,0,0,0.1428571,0.4005376
46,7,0.4516129,0,0.75,0,0,0,0.07142857,0.4005376
46,8,0.4516129,0.3055556,0.75,0,0,0.6666667,0.07142857,0.4005376
46,9,0.4516129,0,0.75,0,0,0,0.07142857,0.4005376
46,10,0.4516129,0.2222222,0.75,1,0,0,0.0952381,0.4005376
46,11,0.4516129,0.25,0.75,0,0,0,0.07142857,0.4005376
46,12,0.4516129,0.3055556,0.75,0,0,0.6666667,0.0952381,0.4005376
46,13,0.4516129,0,0.75,0,0,0,0.07142857,0.4005376
46,14,0.4516129,0.25,0.75,0,0,0,0.07142857,0.4005376
46,15,0.4516129,0,0.75,0,0,0,0.07142857,0.4005376
46,16,0.4516129,0.3611111,0.75,0,0,0.6666667,0.07142857,0.4005376
46,17,0.4516129,0,0.75,0,0,0,0.04761905,0.4005376
46,18,0.4516129,0.25,0.75,0,0,0,0.07142857,0.4005376
46,19,0.4516129,0,0.75,0,0,0,0.1666667,0.4005376
46,20,0.4516129,0.25,0.75,0,0,0,0.1666667,0.4005376
46,21,0.4516129,0.25,0.75,0,0,0,0.07142857,0.4005376
46,22,0.4516129,0.25,0.75,0,0,0,0.07142857,0.4005376
46,23,0.4516129,0,0.75,0,0,0,0.07142857,0.4005376
46,24,0.4516129,0,0.75,0,0,0,0.07142857,0.4005376
46,25,0.4516129,0,0.75,0,0,0,0.07142857,0.4005376
46,26,0.4516129,0.2222222,0.75,1,0,0,0.07142857,0.4005376
46,27,0.4516129,0.25,0.75,0,0,0,0.07142857,0.4005376
46,28,0.4516129,0.2777778,0.75,1,0,0,0.07142857,0.4005376
46,29,0.4516129,0.25,0.75,0,0,0,0.07142857,0.4005376
46,30,0.4516129,0,0.75,0,0,0,0.07142857,0.4005376
46,31,0.4516129,0.1666667,0.75,1,0,0,0.07142857,0.4005376
46,32,0.4516129,0,0.75,0,0,0,0.07142857,0.4005376
46,33,0.4516129,0,0.75,0,0,0,0.04761905,0.4005376
46,34,0.4516129,0,0.75,0,0,0,0.07142857,0.4005376
46,35,0.4516129,0.4722222,0.75,0,0,0.6666667,0.07142857,0.4005376
46,36,0.4516129,0.25,0.75,0,0,0,0.1666667,0.4005376
46,37,0.4516129,0,0.75,0,0,0,0.1666667,0.4005376
46,38,0.4516129,0,0.75,0,0,0,0.0952381,0.4005376
46,39,0.4516129,0,0.75,0,0,0,0.0952381,0.4005376
46,40,0.4516129,0.25,0.75,0,0,0,0.07142857,0.4005376
46,41,0.4516129,0,0.75,0,0,0,0.07142857,0.4005376
46,42,0.4516129,0.25,0.75,0,0,0,0.07142857,0.4005376
46,43,0.4516129,0.3611111,0.75,0,0,0.6666667,0.07142857,0.4005376
46,44,0.4516129,0,0.75,0,0,0,0.07142857,0.4005376
46,45,0.4516129,0.1111111,0.75,1,0,0,0.07142857,0.4005376
46,46,0.4516129,0,0.75,0,0,0,0.07142857,0.4005376
46,47,0.4516129,0,0.75,0,0,0,0.07142857,0.4005376
46,48,0.4516129,0,0.75,0,0,0,0.07142857,0.4005376
46,49,0.4516129,0.25,0.75,0,0,0,0.07142857,0.4005376
46,50,0.4516129,0.25,0.75,0,0,0,0.07142857,0.4005376
46,51,0.4516129,0.25,0.75,0,0,0,0.07142857,0.4005376
46,52,0.4516129,0,0.75,0,0,0,0.04761905,0.4005376
46,53,0.4516129,0,0.75,0,0,0,0.04761905,0.4005376
46,54,0.4516129,0.25,0.75,0,0,0,0.07142857,0.4005376
46,55,0.4516129,0.1111111,0.75,1,0,0,0.07142857,0.4005376
46,56,0.4516129,0,0.75,0,0,0,0.1666667,0.4005376
46,57,0.4516129,0.25,0.75,0,0,0,0.0952381,0.4005376
46,58,0.4516129,0.25,0.75,0,0,0,0.07142857,0.4005376
46,59,0.4516129,0,0.75,0,0,0,0.07142857,0.4005376
46,60,0.4516129,0,0.75,0,0,0,0.07142857,0.4005376
46,61,0.4516129,0.25,0.75,0,0,0,0.07142857,0.4005376
46,62,0.4516129,0.25,0.75,0,0,0,0.07142857,0.4005376
46,63,0.4516129,0.1111111,0.75,1,0,0,0.07142857,0.4005376
46,64,0.4516129,0,0.75,0,0,0,0.07142857,0.4005376
46,65,0.4516129,0.25,0.75,0,0,0,0.04761905,0.4005376
46,66,0.4516129,0.25,0.75,0,0,0,0.07142857,0.4005376
46,67,0.4516129,0,0.75,0,0,0,0.07142857,0.4005376
46,68,0.4516129,0,0.75,0,0,0,0.07142857,0.4005376
46,69,0.4516129,0.25,0.75,0,0,0,0.07142857,0.4005376
46,70,0.4516129,0.25,0.75,0,0,0,0.1428571,0.4005376
46,71,0.4516129,0,0.75,0,0,0,0.07142857,0.4005376
46,72,0.4516129,0.1666667,0.75,1,0,0,0.1666667,0.4005376
46,73,0.4516129,0,0.75,0,0,0,0.0952381,0.4005376
46,74,0.4516129,0.2777778,0.75,1,0,0,0.07142857,0.4005376
46,75,0.4516129,0.4722222,0.75,0,0,0.6666667,0.07142857,0.4005376
46,76,0.4516129,0.1111111,0.75,1,0,0,0.07142857,0.4005376
46,77,0.4516129,0,0.75,0,0,0,0.07142857,0.4005376
46,78,0.4516129,0.25,0.75,0,0,0,0.07142857,0.4005376
46,79,0.4516129,0.3611111,0.75,0,0,0.6666667,0.07142857,0.4005376
46,80,0.4516129,0,0.75,0,0,0,0.07142857,0.4005376
46,81,0.4516129,0.1111111,0.75,1,0,0,0.07142857,0.4005376
46,82,0.4516129,0,0.75,0,0,0,0.07142857,0.4005376
46,83,0.4516129,0.25,0.75,0,0,0,0.07142857,0.4005376
46,84,0.4516129,0.25,0.75,0,0,0,0.07142857,0.4005376
46,85,0.4516129,0.25,0.75,0,0,0.6666667,0.0952381,0.4005376
46,86,0.4516129,0.25,0.75,0,0,0,0.07142857,0.4005376
46,87,0.4516129,0,0.75,0,0,0,0.07142857,0.4005376
46,88,0.4516129,0,0.75,0,0,0,0.07142857,0.4005376
46,89,0.4516129,0,0.75,0,0,0,0.1666667,0.4005376
46,90,0.4516129,0.3611111,0.75,0,0,0.6666667,0.07142857,0.4005376
46,91,0.4516129,0.1111111,0.75,1,0,0,0.07142857,0.4005376
46,92,0.4516129,0,0.75,0,0,0,0.07142857,0.4005376
46,93,0.4516129,0.1111111,0.75,1,0,0,0.1666667,0.4005376
46,94,0.4516129,0.1111111,0.75,1,0,0,0.07142857,0.4005376
46,95,0.4516129,0.25,0.75,0,0,0,0.07142857,0.4005376
46,96,0.4516129,0.25,0.75,0,0,0,0.07142857,0.4005376
46,97,0.4516129,0,0.75,0,0,0,0.07142857,0.4005376
46,98,0.4516129,0.25,0.75,0,0,0,0.07142857,0.4005376
46,99,0.4516129,0,0.75,0,0,0,0.07142857,0.4005376
47,0,0.4516129,0.25,0.75,0,0,0,0.07142857,0.4005376
47,1,0.4516129,0.3611111,0.75,0,0,0.6666667,0.02380952,0.4005376
47,2,0.4516129,0.25,0.75,0,0,0.6666667,0.02380952,0.4005376
47,3,0.4516129,0,0.75,0,0,0,0.07142857,0.4005376
47,4,0.4516129,0,0.75,0,0,0,0.07142857,0.4005376
47,5,0.4516129,0.4166667,0.75,0,0,0.6666667,0.07142857,0.4005376
47,6,0.4516129,0.1111111,0.75,1,0,0,0.1428571,0.4005376
47,7,0.4516129,0,0.75,0,0,0,0.07142857,0.4005376
47,8,0.4516129,0.3055556,0.75,0,0,0.6666667,0.07142857,0.4005376
47,9,0.4516129,0,0.75,0,0,0,0.07142857,0.4005376
47,10,0.4516129,0.2222222,0.75,1,0,0,0.0952381,0.4005376
47,11,0.4516129,0.25,0.75,0,0,0,0.07142857,0.4005376
47,12,0.4516129,0.3055556,0.75,0,0,0.6666667,0.0952381,0.4005376
47,13,0.4516129,0,0.75,0,0,0,0.07142857,0.4005376
47,14,0.4516129,0.25,0.75,0,0,0,0.07142857,0.4005376
47,15,0.4516129,0,0.75,0,0,0,0.07142857,0.4005376
47,16,0.4516129,0.3611111,0.75,0,0,0.6666667,0.07142857,0.4005376
47,17,0.4516129,0,0.75,0,0,0,0.04761905,0.4005376
47,18,0.4516129,0.25,0.75,0,0,0,0.07142857,0.4005376
47,19,0.4516129,0,0.75,0,0,0,0.1666667,0.4005376
47,20,0.4516129,0.25,0.75,0,0,0,0.1666667,0.4005376
47,21,0.4516129,0.25,0.75,0,0,0,0.07142857,0.4005376
47,22,0.4516129,0.25,0.75,0,0,0,0.07142857,0.4005376
47,23,0.4516129,0,0.75,0,0,0,0.07142857,0.4005376
47,24,0.4516129,0,0.75,0,0,0,0.07142857,0.4005376
47,25,0.4516129,0,0.75,0,0,0,0.07142857,0.4005376
47,26,0.4516129,0.2222222,0.75,1,0,0,0.07142857,0.4005376
47,27,0.4516129,0.25,0.75,0,0,0,0.07142857,0.4005376
47,28,0.4516129,0.2777778,0.75,1,0,0,0.07142857,0.4005376
47,29,0.4516129,0.25,0.75,0,0,0,0.07142857,0.4005376
47,30,0.4516129,0,0.75,0,0,0,0.07142857,0.4005376
47,31,0.4516129,0.1666667,0.75,1,0,0,0.07142857,0.4005376
47,32,0.4516129,0,0.75,0,0,0,0.07142857,0.4005376
47,33,0.4516129,0,0.75,0,0,0,0.04761905,0.4005376
47,34,0.4516129,0,0.75,0,0,0,0.07142857,0.4005376
47,35,0.4516129,0.4722222,0.75,0,0,0.6666667,0.07142857,0.4005376
47,36,0.4516129,0.25,0.75,0,0,0,0.1666667,0.4005376
47,37,0.4516129,0,0.75,0,0,0,0.1666667,0.4005376
47,38,0.4516129,0,0.75,0,0,0,0.0952381,0.4005376
47,39,0.4516129,0,0.75,0,0,0,0.0952381,0.4005376
47,40,0.4516129,0.25,0.75,0,0,0,0.07142857,0.4005376
47,41,0.4516129,0,0.75,0,0,0,0.07142857,0.4005376
47,42,0.4516129,0.25,0.75,0,0,0,0.07142857,0.4005376
47,43,0.4516129,0.3611111,0.75,0,0,0.6666667,0.07142857,0.4005376
47,44,0.4516129,0,0.75,0,0,0,0.07142857,0.4005376
47,45,0.4516129,0.1111111,0.75,1,0,0,0.07142857,0.4005376
47,46,0.4516129,0,0.75,0,0,0,0.07142857,0.4005376
47,47,0.4516129,0,0.75,0,0,0,0.07142857,0.4005376
47,48,0.4516129,0,0.75,0,0,0,0.07142857,0.4005376
47,49,0.4516129,0.25,0.75,0,0,0,0.07142857,0.4005376
47,50,0.4516129,0.25,0.75,0,0,0,0.07142857,0.4005376
47,51,0.4516129,0.25,0.75,0,0,0,0.07142857,0.4005376
47,52,0.4516129,0,0.75,0,0,0,0.04761905,0.4005376
47,53,0.4516129,0,0.75,0,0,0,0.04761905,0.4005376
47,54,0.4516129,0.25,0.75,0,0,0,0.07142857,0.4005376
47,55,0.4516129,0.1111111,0.75,1,0,0,0.07142857,0.4005376
47,56,0.4516129,0,0.75,0,0,0,0.1666667,0.4005376
47,57,0.4516129,0.25,0.75,0,0,0,0.0952381,0.4005376
47,58,0.4516129,0.25,0.75,0,0,0,0.07142857,0.4005376
47,59,0.4516129,0,0.75,0,0,0,0.07142857,0.4005376
47,60,0.4516129,0,0.75,0,0,0,0.07142857,0.4005376
47,61,0.4516129,0.25,0.75,0,0,0,0.07142857,0.4005376
47,62,0.4516129,0.25,0.75,0,0,0,0.07142857,0.4005376
47,63,0.4516129,0.1111111,0.75,1,0,0,0.07142857,0.4005376
47,64,0.4516129,0,0.75,0,0,0,0.07142857,0.4005376
47,65,0.4516129,0.25,0.75,0,0,0,0.04761905,0.4005376
47,66,0.4516129,0.25,0.75,0,0,0,0.07142857,0.4005376
47,67,0.4516129,0,0.75,0,0,0,0.07142857,0.4005376
47,68,0.4516129,0,0.75,0,0,0,0.07142857,0.4005376
47,69,0.4516129,0.25,0.75,0,0,0,0.07142857,0.4005376
47,70,0.4516129,0.25,0.75,0,0,0,0.1428571,0.4005376
47,71,0.4516129,0,0.75,0,0,0,0.07142857,0.4005376
47,72,0.4516129,0.1666667,0.75,1,0,0,0.1666667,0.4005376
47,73,0.4516129,0,0.75,0,0,0,0.0952381,0.4005376
47,74,0.4516129,0.2777778,0.75,1,0,0,0.07142857,0.4005376
47,75,0.4516129,0.4722222,0.75,0,0,0.6666667,0.07142857,0.4005376
47,76,0.4516129,0.1111111,0.75,1,0,0,0.07142857,0.4005376
47,77,0.4516129,0,0.75,0,0,0,0.07142857,0.4005376
47,78,0.4516129,0.25,0.75,0,0,0,0.07142857,0.4005376
47,79,0.4516129,0.3611111,0.75,0,0,0.6666667,0.07142857,0.4005376
47,80,0.4516129,0,0.75,0,0,0,0.07142857,0.4005376
47,81,0.4516129,0.1111111,0.75,1,0,0,0.07142857,0.4005376
47,82,0.4516129,0,0.75,0,0,0,0.07142857,0.4005376
47,83,0.4516129,0.25,0.75,0,0,0,0.07142857,0.4005376
47,84,0.4516129,0.25,0.75,0,0,0,0.07142857,0.4005376
47,85,0.4516129,0.25,0.75,0,0,0.6666667,0.0952381,0.4005376
47,86,0.4516129,0.25,0.75,0,0,0,0.07142857,0.4005376
47,87,0.4516129,0,0.75,0,0,0,0.07142857,0.4005376
47,88,0.4516129,0,0.75,0,0,0,0.07142857,0.4005376
47,89,0.4516129,0,0.75,0,0,0,0.1666667,0.4005376
47,90,0.4516129,0.3611111,0.75,0,0,0.6666667,0.07142857,0.4005376
47,91,0.4516129,0.1111111,0.75,1,0,0,0.07142857,0.4005376
47,92,0.4516129,0,0.75,0,0,0,0.07142857,0.4005376
47,93,0.4516129,0.1111111,0.75,1,0,0,0.1666667,0.4005376
47,94,0.4516129,0.1111111,0.75,1,0,0,0.07142857,0.4005376
47,95,0.4516129,0.25,0.75,0,0,0,0.07142857,0.4005376
47,96,0.4516129,0.25,0.75,0,0,0,0.07142857,0.4005376
47,97,0.4516129,0,0.75,0,0,0,0.07142857,0.4005376
47,98,0.4516129,0.25,0.75,0,0,0,0.07142857,0.4005376
47,99,0.4516129,0,0.75,0,0,0,0.07142857,0.4005376
48,0,0.4516129,0.25,0.75,0,0,0,0.07142857,0.4005376
48,1,0.4516129,0.3611111,0.75,0,0,0.6666667,0.02380952,0.4005376
48,2,0.4516129,0.25,0.75,0,0,0.6666667,0.02380952,0.4005376
48,3,0.4516129,0,0.75,0,0,0,0.07142857,0.4005376
48,4,0.4516129,0,0.75,0,0,0,0.07142857,0.4005376
48,5,0.4516129,0.4166667,0.75,0,0,0.6666667,0.07142857,0.4005376
48,6,0.4516129,0.1111111,0.75,1,0,0,0.1428571,0.4005376
48,7,0.4516129,0,0.75,0,0,0,0.07142857,0.4005376
48,8,0.4516129,0.3055556,0.75,0,0,0.6666667,0.07142857,0.4005376
48,9,0.4516129,0,0.75,0,0,0,0.07142857,0.4005376
48,10,0.4516129,0.2222222,0.75,1,0,0,0.0952381,0.4005376
48,11,0.4516129,0.25,0.75,0,0,0,0.07142857,0.4005376
48,12,0.4516129,0.3055556,0.75,0,0,0.6666667,0.0952381,0.4005376
48,13,0.4516129,0,0.75,0,0,0,0.07142857,0.4005376
48,14,0.4516129,0.25,0.75,0,0,0,0.07142857,0.4005376
48,15,0.4516129,0,0.75,0,0,0,0.07142857,0.4005376
48,16,0.4516129,0.3611111,0.75,0,0,0.6666667,0.07142857,0.4005376
48,17,0.4516129,0,0.75,0,0,0,0.04761905,0.4005376
48,18,0.4516129,0.25,0.75,0,0,0,0.07142857,0.4005376
48,19,0.4516129,0,0.75,0,0,0,0.1666667,0.4005376
48,20,0.4516129,0.25,0.75,0,0,0,0.1666667,0.4005376
48,21,0.4516129,0.25,0.75,0,0,0,0.07142857,0.4005376
48,22,0.4516129,0.25,0.75,0,0,0,0.07142857,0.4005376
48,23,0.4516129,0,0.75,0,0,0,0.07142857,0.4005376
48,24,0.4516129,0,0.75,0,0,0,0.07142857,0.4005376
48,25,0.4516129,0,0.75,0,0,0,0.07142857,0.4005376
48,26,0.4516129,0.2222222,0.75,1,0,0,0.07142857,0.4005376
48,27,0.4516129,0.25,0.75,0,0,0,0.07142857,0.4005376
48,28,0.4516129,0.2777778,0.75,1,0,0,0.07142857,0.4005376
48,29,0.4516129,0.25,0.75,0,0,0,0.07142857,0.4005376
48,30,0.4516129,0,0.75,0,0,0,0.07142857,0.4005376
48,31,0.4516129,0.1666667,0.75,1,0,0,0.07142857,0.4005376
48,32,0.4516129,0,0.75,0,0,0,0.07142857,0.4005376
48,33,0.4516129,0,0.75,0,0,0,0.04761905,0.4005376
48,34,0.4516129,0,0.75,0,0,0,0.07142857,0.4005376
48,35,0.4516129,0.4722222,0.75,0,0,0.6666667,0.07142857,0.4005376
48,36,0.4516129,0.25,0.75,0,0,0,0.1666667,0.4005376
48,37,0.4516129,0,0.75,0,0,0,0.1666667,0.4005376
48,38,0.4516129,0,0.75,0,0,0,0.0952381,0.4005376
48,39,0.4516129,0,0.75,0,0,0,0.0952381,0.4005376
48,40,0.4516129,0.25,0.75,0,0,0,0.07142857,0.4005376
48,41,0.4516129,0,0.75,0,0,0,0.07142857,0.4005376
48,42,0.4516129,0.25,0.75,0,0,0,0.07142857,0.4005376
48,43,0.4516129,0.3611111,0.75,0,0,0.6666667,0.07142857,0.4005376
48,44,0.4516129,0,0.75,0,0,0,0.07142857,0.4005376
48,45,0.4516129,0.1111111,0.75,1,0,0,0.07142857,0.4005376
48,46,0.4516129,0,0.75,0,0,0,0.07142857,0.4005376
48,47,0.4516129,0,0.75,0,0,0,0.07142857,0.4005376
48,48,0.4516129,0,0.75,0,0,0,0.07142857,0.4005376
48,49,0.4516129,0.25,0.75,0,0,0,0.07142857,0.4005376
48,50,0.4516129,0.25,0.75,0,0,0,0.07142857,0.4005376
48,51,0.4516129,0.25,0.75,0,0,0,0.07142857,0.4005376
48,52,0.4516129,0,0.75,0,0,0,0.04761905,0.4005376
48,53,0.4516129,0,0.75,0,0,0,0.04761905,0.4005376
48,54,0.4516129,0.25,0.75,0,0,0,0.07142857,0.4005376
48,55,0.4516129,0.1111111,0.75,1,0,0,0.07142857,0.4005376
48,56,0.4516129,0,0.75,0,0,0,0.1666667,0.4005376
48,57,0.4516129,0.25,0.75,0,0,0,0.0952381,0.4005376
48,58,0.4516129,0.25,0.75,0,0,0,0.07142857,0.4005376
48,59,0.4516129,0,0.75,0,0,0,0.07142857,0.4005376
48,60,0.4516129,0,0.75,0,0,0,0.07142857,0.4005376
48,61,0.4516129,0.25,0.75,0,0,0,0.07142857,0.4005376
48,62,0.4516129,0.25,0.75,0,0,0,0.07142857,0.4005376
48,63,0.4516129,0.1111111,0.75,1,0,0,0.07142857,0.4005376
48,64,0.4516129,0,0.75,0,0,0,0.07142857,0.4005376
48,65,0.4516129,0.25,0.75,0,0,0,0.04761905,0.4005376
48,66,0.4516129,0.25,0.75,0,0,0,0.07142857,0.4005376
48,67,0.4516129,0,0.75,0,0,0,0.07142857,0.4005376
48,68,0.4516129,0,0.75,0,0,0,0.07142857,0.4005376
48,69,0.4516129,0.25,0.75,0,0,0,0.07142857,0.4005376
48,70,0.4516129,0.25,0.75,0,0,0,0.1428571,0.4005376
48,71,0.4516129,0,0.75,0,0,0,0.07142857,0.4005376
48,72,0.4516129,0.1666667,0.75,1,0,0,0.1666667,0.4005376
48,73,0.4516129,0,0.75,0,0,0,0.0952381,0.4005376
48,74,0.4516129,0.2777778,0.75,1,0,0,0.07142857,0.4005376
48,75,0.4516129,0.4722222,0.75,0,0,0.6666667,0.07142857,0.4005376
48,76,0.4516129,0.1111111,0.75,1,0,0,0.07142857,0.4005376
48,77,0.4516129,0,0.75,0,0,0,0.07142857,0.4005376
48,78,0.4516129,0.25,0.75,0,0,0,0.07142857,0.4005376
48,79,0.4516129,0.3611111,0.75,0,0,0.6666667,0.07142857,0.4005376
48,80,0.4516129,0,0.75,0,0,0,0.07142857,0.4005376
48,81,0.4516129,0.1111111,0.75,1,0,0,0.07142857,0.4005376
48,82,0.4516129,0,0.75,0,0,0,0.07142857,0.4005376
48,83,0.4516129,0.25,0.75,0,0,0,0.07142857,0.4005376
48,84,0.4516129,0.25,0.75,0,0,0,0.07142857,0.4005376
48,85,0.4516129,0.25,0.75,0,0,0.6666667,0.0952381,0.4005376
48,86,0.4516129,0.25,0.75,0,0,0,0.07142857,0.4005376
48,87,0.4516129,0,0.75,0,0,0,0.07142857,0.4005376
48,88,0.4516129,0,0.75,0,0,0,0.07142857,0.4005376
48,89,0.4516129,0,0.75,0,0,0,0.1666667,0.4005376
48,90,0.4516129,0.3611111,0.75,0,0,0.6666667,0.07142857,0.4005376
48,91,0.4516129,0.1111111,0.75,1,0,0,0.07142857,0.4005376
48,92,0.4516129,0,0.75,0,0,0,0.07142857,0.4005376
48,93,0.4516129,0.1111111,0.75,1,0,0,0.1666667,0.4005376
48,94,0.4516129,0.1111111,0.75,1,0,0,0.07142857,0.4005376
48,95,0.4516129,0.25,0.75,0,0,0,0.07142857,0.4005376
48,96,0.4516129,0.25,0.75,0,0,0,0.07142857,0.4005376
48,97,0.4516129,0,0.75,0,0,0,0.07142857,0.4005376
48,98,0.4516129,0.25,0.75,0,0,0,0.07142857,0.4005376
48,99,0.4516129,0,0.75,0,0,0,0.07142857,0.4005376
49,0,0.4516129,0.25,0.75,0,0,0,0.07142857,0.4005376
49,1,0.4516129,0.3611111,0.75,0,0,0.6666667,0.02380952,0.4005376
49,2,0.4516129,0.25,0.75,0,0,0.6666667,0.02380952,0.4005376
49,3,0.4516129,0,0.75,0,0,0,0.07142857,0.4005376
49,4,0.4516129,0,0.75,0,0,0,0.07142857,0.4005376
49,5,0.4516129,0.4166667,0.75,0,0,0.6666667,0.07142857,0.4005376
49,6,0.4516129,0.1111111,0.75,1,0,0,0.1428571,0.4005376
49,7,0.4516129,0,0.75,0,0,0,0.07142857,0.4005376
49,8,0.4516129,0.3055556,0.75,0,0,0.6666667,0.07142857,0.4005376
49,9,0.4516129,0,0.75,0,0,0,0.07142857,0.4005376
49,10,0.4516129,0.2222222,0.75,1,0,0,0.0952381,0.4005376
49,11,0.4516129,0.25,0.75,0,0,0,0.07142857,0.4005376
49,12,0.4516129,0.3055556,0.75,0,0,0.6666667,0.0952381,0.4005376
49,13,0.4516129,0,0.75,0,0,0,0.07142857,0.4005376
49,14,0.4516129,0.25,0.75,0,0,0,0.07142857,0.4005376
49,15,0.4516129,0,0.75,0,0,0,0.07142857,0.4005376
49,16,0.4516129,0.3611111,0.75,0,0,0.6666667,0.07142857,0.4005376
49,17,0.4516129,0,0.75,0,0,0,0.04761905,0.4005376
49,18,0.4516129,0.25,0.75,0,0,0,0.07142857,0.4005376
49,19,0.4516129,0,0.75,0,0,0,0.1666667,0.4005376
49,20,0.4516129,0.25,0.75,0,0,0,0.1666667,0.4005376
49,21,0.4516129,0.25,0.75,0,0,0,0.07142857,0.4005376
49,22,0.4516129,0.25,0.75,0,0,0,0.07142857,0.4005376
49,23,0.4516129,0,0.75,0,0,0,0.07142857,0.4005376
49,24,0.4516129,0,0.75,0,0,0,0.07142857,0.4005376
49,25,0.4516129,0,0.75,0,0,0,0.07142857,0.4005376
49,26,0.4516129,0.2222222,0.75,1,0,0,0.07142857,0.4005376
49,27,0.4516129,0.25,0.75,0,0,0,0.07142857,0.4005376
49,28,0.4516129,0.2777778,0.75,1,0,0,0.07142857,0.4005376
49,29,0.4516129,0.25,0.75,0,0,0,0.07142857,0.4005376
49,30,0.4516129,0,0.75,0,0,0,0.07142857,0.4005376
49,31,0.4516129,0.1666667,0.75,1,0,0,0.07142857,0.4005376
49,32,0.4516129,0,0.75,0,0,0,0.07142857,0.4005376
49,33,0.4516129,0,0.75,0,0,0,0.04761905,0.4005376
49,34,0.4516129,0,0.75,0,0,0,0.07142857,0.4005376
49,35,0.4516129,0.4722222,0.75,0,0,0.6666667,0.07142857,0.4005376
49,36,0.4516129,0.25,0.75,0,0,0,0.1666667,0.4005376
49,37,0.4516129,0,0.75,0,0,0,0.1666667,0.4005376
49,38,0.4516129,0,0.75,0,0,0,0.0952381,0.4005376
49,39,0.4516129,0,0.75,0,0,0,0.0952381,0.4005376
49,40,0.4516129,0.25,0.75,0,0,0,0.07142857,0.4005376
49,41,0.4516129,0,0.75,0,0,0,0.07142857,0.4005376
49,42,0.4516129,0.25,0.75,0,0,0,0.07142857,0.4005376
49,43,0.4516129,0.3611111,0.75,0,0,0.6666667,0.07142857,0.4005376
49,44,0.4516129,0,0.75,0,0,0,0.07142857,0.4005376
49,45,0.4516129,0.1111111,0.75,1,0,0,0.07142857,0.4005376
49,46,0.4516129,0,0.75,0,0,0,0.07142857,0.4005376
49,47,0.4516129,0,0.75,0,0,0,0.07142857,0.4005376
49,48,0.4516129,0,0.75,0,0,0,0.07142857,0.4005376
49,49,0.4516129,0.25,0.75,0,0,0,0.07142857,0.4005376
49,50,0.4516129,0.25,0.75,0,0,0,0.07142857,0.4005376
49,51,0.4516129,0.25,0.75,0,0,0,0.07142857,0.4005376
49,52,0.4516129,0,0.75,0,0,0,0.04761905,0.4005376
49,53,0.4516129,0,0.75,0,0,0,0.04761905,0.4005376
49,54,0.4516129,0.25,0.75,0,0,0,0.07142857,0.4005376
49,55,0.4516129,0.1111111,0.75,1,0,0,0.07142857,0.4005376
49,56,0.4516129,0,0.75,0,0,0,0.1666667,0.4005376
49,57,0.4516129,0.25,0.75,0,0,0,0.0952381,0.4005376
49,58,0.4516129,0.25,0.75,0,0,0,0.07142857,0.4005376
49,59,0.4516129,0,0.75,0,0,0,0.07142857,0.4005376
49,60,0.4516129,0,0.75,0,0,0,0.07142857,0.4005376
49,61,0.4516129,0.25,0.75,0,0,0,0.07142857,0.4005376
49,62,0.4516129,0.25,0.75,0,0,0,0.07142857,0.4005376
49,63,0.4516129,0.1111111,0.75,1,0,0,0.07142857,0.4005376
49,64,0.4516129,0,0.75,0,0,0,0.07142857,0.4005376
49,65,0.4516129,0.25,0.75,0,0,0,0.04761905,0.4005376
49,66,0.4516129,0.25,0.75,0,0,0,0.07142857,0.4005376
49,67,0.4516129,0,0.75,0,0,0,0.07142857,0.4005376
49,68,0.4516129,0,0.75,0,0,0,0.07142857,0.4005376
49,69,0.4516129,0.25,0.75,0,0,0,0.07142857,0.4005376
49,70,0.4516129,0.25,0.75,0,0,0,0.1428571,0.4005376
49,71,0.4516129,0,0.75,0,0,0,0.07142857,0.4005376
49,72,0.4516129,0.1666667,0.75,1,0,0,0.1666667,0.4005376
49,73,0.4516129,0,0.75,0,0,0,0.0952381,0.4005376
49,74,0.4516129,0.2777778,0.75,1,0,0,0.07142857,0.4005376
49,75,0.4516129,0.4722222,0.75,0,0,0.6666667,0.07142857,0.4005376
49,76,0.4516129,0.1111111,0.75,1,0,0,0.07142857,0.4005376
49,77,0.4516129,0,0.75,0,0,0,0.07142857,0.4005376
49,78,0.4516129,0.25,0.75,0,0,0,0.07142857,0.4005376
49,79,0.4516129,0.3611111,0.75,0,0,0.6666667,0.07142857,0.4005376
49,80,0.4516129,0,0.75,0,0,0,0.07142857,0.4005376
49,81,0.4516129,0.1111111,0.75,1,0,0,0.07142857,0.4005376
49,82,0.4516129,0,0.75,0,0,0,0.07142857,0.4005376
49,83,0.4516129,0.25,0.75,0,0,0,0.07142857,0.4005376
49,84,0.4516129,0.25,0.75,0,0,0,0.07142857,0.4005376
49,85,0.4516129,0.25,0.75,0,0,0.6666667,0.0952381,0.4005376
49,86,0.4516129,0.25,0.75,0,0,0,0.07142857,0.4005376
49,87,0.4516129,0,0.75,0,0,0,0.07142857,0.4005376
49,88,0.4516129,0,0.75,0,0,0,0.07142857,0.4005376
49,89,0.4516129,0,0.75,0,0,0,0.1666667,0.4005376
49,90,0.4516129,0.3611111,0.75,0,0,0.6666667,0.07142857,0.4005376
49,91,0.4516129,0.1111111,0.75,1,0,0,0.07142857,0.4005376
49,92,0.4516129,0,0.75,0,0,0,0.07142857,0.4005376
49,93,0.4516129,0.1111111,0.75,1,0,0,0.1666667,0.4005376
49,94,0.4516129,0.1111111,0.75,1,0,0,0.07142857,0.4005376
49,95,0.4516129,0.25,0.75,0,0,0,0.07142857,0.4005376
49,96,0.4516129,0.25,0.75,0,0,0,0.07142857,0.4005376
49,97,0.4516129,0,0.75,0,0,0,0.07142857,0.4005376
49,98,0.4516129,0.25,0.75,0,0,0,0.07142857,0.4005376
49,99,0.4516129,0,0.75,0,0,0,0.07142857,0.4005376
50,0,0.4516129,0.25,0.75,0,0,0,0.07142857,0.4005376
50,1,0.4516129,0.3611111,0.75,0,0,0.6666667,0.02380952,0.4005376
50,2,0.4516129,0.25,0.75,0,0,0.6666667,0.02380952,0.4005376
50,3,0.4516129,0,0.75,0,0,0,0.07142857,0.4005376
50,4,0.4516129,0,0.75,0,0,0,0.07142857,0.4005376
50,5,0.4516129,0.4166667,0.75,0,0,0.6666667,0.07142857,0.4005376
50,6,0.4516129,0.1111111,0.75,1,0,0,0.1428571,0.4005376
50,7,0.4516129,0,0.75,0,0,0,0.07142857,0.4005376
50,8,0.4516129,0.3055556,0.75,0,0,0.6666667,0.07142857,0.4005376
50,9,0.4516129,0,0.75,0,0,0,0.07142857,0.4005376
50,10,0.4516129,0.2222222,0.75,1,0,0,0.0952381,0.4005376
50,11,0.4516129,0.25,0.75,0,0,0,0.07142857,0.4005376
50,12,0.4516129,0.3055556,0.75,0,0,0.6666667,0.0952381,0.4005376
50,13,0.4516129,0,0.75,0,0,0,0.07142857,0.4005376
50,14,0.4516129,0.25,0.75,0,0,0,0.07142857,0.4005376
50,15,0.4516129,0,0.75,0,0,0,0.07142857,0.4005376
50,16,0.4516129,0.3611111,0.75,0,0,0.6666667,0.07142857,0.4005376
50,17,0.4516129,0,0.75,0,0,0,0.04761905,0.4005376
50,18,0.4516129,0.25,0.75,0,0,0,0.07142857,0.4005376
50,19,0.4516129,0,0.75,0,0,0,0.1666667,0.4005376
50,20,0.4516129,0.25,0.75,0,0,0,0.1666667,0.4005376
50,21,0.4516129,0.25,0.75,0,0,0,0.07142857,0.4005376
50,22,0.4516129,0.25,0.75,0,0,0,0.07142857,0.4005376
50,23,0.4516129,0,0.75,0,0,0,0.07142857,0.4005376
50,24,0.4516129,0,0.75,0,0,0,0.07142857,0.4005376
50,25,0.4516129,0,0.75,0,0,0,0.07142857,0.4005376
50,26,0.4516129,0.2222222,0.75,1,0,0,0.07142857,0.4005376
50,27,0.4516129,0.25,0.75,0,0,0,0.07142857,0.4005376
50,28,0.4516129,0.2777778,0.75,1,0,0,0.07142857,0.4005376
50,29,0.4516129,0.25,0.75,0,0,0,0.07142857,0.4005376
50,30,0.4516129,0,0.75,0,0,0,0.07142857,0.4005376
50,31,0.4516129,0.1666667,0.75,1,0,0,0.07142857,0.4005376
50,32,0.4516129,0,0.75,0,0,0,0.07142857,0.4005376
50,33,0.4516129,0,0.75,0,0,0,0.04761905,0.4005376
50,34,0.4516129,0,0.75,0,0,0,0.07142857,0.4005376
50,35,0.4516129,0.4722222,0.75,0,0,0.6666667,0.07142857,0.4005376
50,36,0.4516129,0.25,0.75,0,0,0,0.1666667,0.4005376
50,37,0.4516129,0,0.75,0,0,0,0.1666667,0.4005376
50,38,0.4516129,0,0.75,0,0,0,0.0952381,0.4005376
50,39,0.4516129,0,0.75,0,0,0,0.0952381,0.4005376
50,40,0.4516129,0.25,0.75,0,0,0,0.07142857,0.4005376
50,41,0.4516129,0,0.75,0,0,0,0.07142857,0.4005376
50,42,0.4516129,0.25,0.75,0,0,0,0.07142857,0.4005376
50,43,0.4516129,0.3611111,0.75,0,0,0.6666667,0.07142857,0.4005376
50,44,0.4516129,0,0.75,0,0,0,0.07142857,0.4005376
50,45,0.4516129,0.1111111,0.75,1,0,0,0.07142857,0.4005376
50,46,0.4516129,0,0.75,0,0,0,0.07142857,0.4005376
50,47,0.4516129,0,0.75,0,0,0,0.07142857,0.4005376
50,48,0.4516129,0,0.75,0,0,0,0.07142857,0.4005376
50,49,0.4516129,0.25,0.75,0,0,0,0.07142857,0.4005376
50,50,0.4516129,0.25,0.75,0,0,0,0.07142857,0.4005376
50,51,0.4516129,0.25,0.75,0,0,0,0.07142857,0.4005376
50,52,0.4516129,0,0.75,0,0,0,0.04761905,0.4005376
50,53,0.4516129,0,0.75,0,0,0,0.04761905,0.4005376
50,54,0.4516129,0.25,0.75,0,0,0,0.07142857,0.4005376
50,55,0.4516129,0.1111111,0.75,1,0,0,0.07142857,0.4005376
50,56,0.4516129,0,0.75,0,0,0,0.1666667,0.4005376
50,57,0.4516129,0.25,0.75,0,0,0,0.0952381,0.4005376
50,58,0.4516129,0.25,0.75,0,0,0,0.07142857,0.4005376
50,59,0.4516129,0,0.75,0,0,0,0.07142857,0.4005376
50,60,0.4516129,0,0.75,0,0,0,0.07142857,0.4005376
50,61,0.4516129,0.25,0.75,0,0,0,0.07142857,0.4005376
50,62,0.4516129,0.25,0.75,0,0,0,0.07142857,0.4005376
50,63,0.4516129,0.1111111,0.75,1,0,0,0.07142857,0.4005376
50,64,0.4516129,0,0.75,0,0,0,0.07142857,0.4005376
50,65,0.4516129,0.25,0.75,0,0,0,0.04761905,0.4005376
50,66,0.4516129,0.25,0.75,0,0,0,0.07142857,0.4005376
50,67,0.4516129,0,0.75,0,0,0,0.07142857,0.4005376
50,68,0.4516129,0,0.75,0,0,0,0.07142857,0.4005376
50,69,0.4516129,0.25,0.75,0,0,0,0.07142857,0.4005376
50,70,0.4516129,0.25,0.75,0,0,0,0.1428571,0.4005376
50,71,0.4516129,0,0.75,0,0,0,0.07142857,0.4005376
50,72,0.4516129,0.1666667,0.75,1,0,0,0.1666667,0.4005376
50,73,0.4516129,0,0.75,0,0,0,0.0952381,0.4005376
50,74,0.4516129,0.2777778,0.75,1,0,0,0.07142857,0.4005376
50,75,0.4516129,0.4722222,0.75,0,0,0.6666667,0.07142857,0.4005376
50,76,0.4516129,0.1111111,0.75,1,0,0,0.07142857,0.4005376
50,77,0.4516129,0,0.75,0,0,0,0.07142857,0.4005376
50,78,0.4516129,0.25,0.75,0,0,0,0.07142857,0.4005376
50,79,0.4516129,0.3611111,0.75,0,0,0.6666667,0.07142857,0.4005376
50,80,0.4516129,0,0.75,0,0,0,0.07142857,0.4005376
50,81,0.4516129,0.1111111,0.75,1,0,0,0.07142857,0.4005376
50,82,0.4516129,0,0.75,0,0,0,0.07142857,0.4005376
50,83,0.4516129,0.25,0.75,0,0,0,0.07142857,0.4005376
50,84,0.4516129,0.25,0.75,0,0,0,0.07142857,0.4005376
50,85,0.4516129,0.25,0.75,0,0,0.6666667,0.0952381,0.4005376
50,86,0.4516129,0.25,0.75,0,0,0,0.07142857,0.4005376
50,87,0.4516129,0,0.75,0,0,0,0.07142857,0.4005376
50,88,0.4516129,0,0.75,0,0,0,0.07142857,0.4005376
50,89,0.4516129,0,0.75,0,0,0,0.1666667,0.4005376
50,90,0.4516129,0.3611111,0.75,0,0,0.6666667,0.07142857,0.4005376
50,91,0.4516129,0.1111111,0.75,1,0,0,0.07142857,0.4005376
50,92,0.4516129,0,0.75,0,0,0,0.07142857,0.4005376
50,93,0.4516129,0.1111111,0.75,1,0,0,0.1666667,0.4005376
50,94,0.4516129,0.1111111,0.75,1,0,0,0.07142857,0.4005376
50,95,0.4516129,0.25,0.75,0,0,0,0.07142857,0.4005376
50,96,0.4516129,0.25,0.75,0,0,0,0.07142857,0.4005376
50,97,0.4516129,0,0.75,0,0,0,0.07142857,0.4005376
50,98,0.4516129,0.25,0.75,0,0,0,0.07142857,0.4005376
50,99,0.4516129,0,0.75,0,0,0,0.07142857,0.4005376

